'VER2304-VER2304-Saturday-02',701,80200,,'',0,3600,4,'',0,7400,,'',0,3600,4,'',0,7400,,'',0,3600,4,'',0,7300,,'',0,7600,4,'',0,3500,,'',0,7600,4,'',0,3200,,'',0,7600,4,'',0,7600,,'',0,3600,4,'',0,7400,,'',0,3600,4,'',0,8400,,'',0,7600,4,'',0,3300,,'',0,7600,4,'',0,8300,,'',0,3600,4,'',0,8400,,'',0,3600,4,'',0
'VER2304-VER2304-Sunday-03',701,80200,,'',0,3600,4,'',0,18400,,'',0,3600,4,'',0,18400,,'',0,7600,4,'',0,18400,,'',0,3600,4,'',0,18400,,'',0,3600,4,'',0,7400,,'',0,7600,4,'',0
'VER2304-VER2304-Sunday-11',701,80200,,'',0,3600,4,'',0,18400,,'',0,3600,4,'',0,18400,,'',0,7600,4,'',0,18400,,'',0,3600,4,'',0,18400,,'',0,3600,4,'',0,7400,,'',0,7600,4,'',0
'VER2304-VER2304-Sunday-12',701,80200,,'',0,3600,4,'',0,18400,,'',0,3600,4,'',0,18400,,'',0,7600,4,'',0,18400,,'',0,3600,4,'',0,18400,,'',0,3600,4,'',0,7400,,'',0,7600,4,'',0
'VER2304-VER2304-Weekday-01',701,65200,,'',0,7600,4,'',0,7400,,'',0,3600,4,'',0,7400,,'',0,3600,4,'',0,7400,,'',0,3600,4,'',0,7300,,'',0,7600,4,'',0,3500,,'',0,7600,4,'',0,3200,,'',0,7600,4,'',0,7600,,'',0,3600,4,'',0,7400,,'',0,3600,4,'',0,8400,,'',0,7600,4,'',0,3300,,'',0,7600,4,'',0,8300,,'',0,3600,4,'',0,8400,,'',0,3600,4,'',0
'VER2304-VER2304-Saturday-02',801,83700,,'',0,7500,4,'',0,3500,,'',0,7500,4,'',0,3500,,'',0,7500,4,'',0,7500,,'',0,3500,4,'',0,7600,,'',0,3500,4,'',0,7400,,'',0,7500,4,'',0,3400,,'',0,7500,4,'',0,4600,,'',0,7500,4,'',0,7500,,'',0,3500,4,'',0,7600,,'',0,3500,4,'',0,8700,,'',0,7500,4,'',0
'VER2304-VER2304-Sunday-03',801,91100,,'',0,3500,4,'',0,18500,,'',0,7500,4,'',0,14500,,'',0,7500,4,'',0,18500,,'',0,3500,4,'',0
'VER2304-VER2304-Sunday-11',801,91100,,'',0,3500,4,'',0,18500,,'',0,7500,4,'',0,14500,,'',0,7500,4,'',0,18500,,'',0,3500,4,'',0
'VER2304-VER2304-Sunday-12',801,91100,,'',0,3500,4,'',0,18500,,'',0,7500,4,'',0,14500,,'',0,7500,4,'',0,18500,,'',0,3500,4,'',0
'VER2304-VER2304-Weekday-01',801,61900,,'',0,3500,4,'',0,7300,,'',0,7500,4,'',0,3500,,'',0,7500,4,'',0,3500,,'',0,7500,4,'',0,3500,,'',0,7500,4,'',0,7500,,'',0,3500,4,'',0,7600,,'',0,3500,4,'',0,7400,,'',0,7500,4,'',0,3400,,'',0,7500,4,'',0,4600,,'',0,7500,4,'',0,7500,,'',0,3500,4,'',0,7600,,'',0,3500,4,'',0,8700,,'',0,7500,4,'',0
