'VER2304-VER2304-Saturday-02',300,85100,4,'',0,8000,4,'',0,8000,4,'',0,4000,4,'',0,8000,4,'',0,8000,4,'',0,4000,4,'',0,8000,4,'',0,8000,4,'',0,4000,4,'',0,8000,4,'',0,8000,4,'',0,4000,4,'',0,8000,4,'',0,8000,4,'',0,4000,4,'',0,8000,4,'',0,8000,4,'',0,4000,4,'',0,8000,4,'',0,8000,4,'',0
'VER2304-VER2304-Saturday-02',301,80500,,'',0,4000,,'',0,8000,,'',0,8000,,'',0,4000,,'',0,8000,,'',0,8000,,'',0,4000,,'',0,8000,,'',0,8000,,'',0,4000,,'',0,8000,,'',0,8000,,'',0,4000,,'',0,8000,,'',0,8000,,'',0,4000,,'',0,8000,,'',0,8000,,'',0,4000,,'',0,8000,,'',0
'VER2304-VER2304-Sunday-03',300,93100,4,'',0,8200,4,'',0,4200,4,'',0,8200,4,'',0,8200,4,'',0,8200,4,'',0,4200,4,'',0,8200,4,'',0,8200,4,'',0,4200,4,'',0,8200,4,'',0,8200,4,'',0,4200,4,'',0,8200,4,'',0,8200,4,'',0
'VER2304-VER2304-Sunday-03',301,84500,,'',0,8200,,'',0,8200,,'',0,4200,,'',0,8200,,'',0,8200,,'',0,4200,,'',0,8200,,'',0,8200,,'',0,8200,,'',0,4200,,'',0,8200,,'',0,8200,,'',0,4200,,'',0,8200,,'',0
'VER2304-VER2304-Sunday-11',300,93100,4,'',0,8200,4,'',0,4200,4,'',0,8200,4,'',0,8200,4,'',0,8200,4,'',0,4200,4,'',0,8200,4,'',0,8200,4,'',0,4200,4,'',0,8200,4,'',0,8200,4,'',0,4200,4,'',0,8200,4,'',0,8200,4,'',0
'VER2304-VER2304-Sunday-11',301,84500,,'',0,8200,,'',0,8200,,'',0,4200,,'',0,8200,,'',0,8200,,'',0,4200,,'',0,8200,,'',0,8200,,'',0,8200,,'',0,4200,,'',0,8200,,'',0,8200,,'',0,4200,,'',0,8200,,'',0
'VER2304-VER2304-Sunday-12',300,93100,4,'',0,8200,4,'',0,4200,4,'',0,8200,4,'',0,8200,4,'',0,8200,4,'',0,4200,4,'',0,8200,4,'',0,8200,4,'',0,4200,4,'',0,8200,4,'',0,8200,4,'',0,4200,4,'',0,8200,4,'',0,8200,4,'',0
'VER2304-VER2304-Sunday-12',301,84500,,'',0,8200,,'',0,8200,,'',0,4200,,'',0,8200,,'',0,8200,,'',0,4200,,'',0,8200,,'',0,8200,,'',0,8200,,'',0,4200,,'',0,8200,,'',0,8200,,'',0,4200,,'',0,8200,,'',0
'VER2304-VER2304-Weekday-01',300,65100,4,'',0,7800,4,'',0,8200,4,'',0,4000,4,'',0,8000,4,'',0,8000,4,'',0,4000,4,'',0,8000,4,'',0,8000,4,'',0,4000,4,'',0,8000,4,'',0,8000,4,'',0,4000,4,'',0,8000,4,'',0,8000,4,'',0,4000,4,'',0,8000,4,'',0,8000,4,'',0,4000,4,'',0,8000,4,'',0,8000,4,'',0,4000,4,'',0,8000,4,'',0,8000,4,'',0
'VER2304-VER2304-Weekday-01',301,60500,,'',0,3800,,'',0,8200,,'',0,8000,,'',0,4000,,'',0,8000,,'',0,8000,,'',0,4000,,'',0,8000,,'',0,8000,,'',0,4000,,'',0,8000,,'',0,8000,,'',0,4000,,'',0,8000,,'',0,8000,,'',0,4000,,'',0,8000,,'',0,8000,,'',0,4000,,'',0,8000,,'',0,8000,,'',0,4000,,'',0,8000,,'',0
'VER2304-VER2304-Saturday-02',501,81400,,'',0,2600,4,'',0,1400,,'',0,6600,4,'',0,1400,,'',0,6600,4,'',0,1400,,'',0,2600,4,'',0,1400,,'',0,6600,4,'',0,1400,,'',0,6600,4,'',0,1400,,'',0,2600,4,'',0,1400,,'',0,6600,4,'',0,1400,,'',0,6600,4,'',0,1400,,'',0,2600,4,'',0,1400,,'',0,6600,4,'',0,1400,,'',0,6600,4,'',0,1400,,'',0,2600,4,'',0,1400,,'',0,6600,4,'',0,1400,,'',0,6600,4,'',0,1400,,'',0,2600,4,'',0,1400,,'',0,6600,4,'',0,1400,,'',0,6600,4,'',0,1400,,'',0,2600,4,'',0,1400,,'',0,6600,4,'',0,1400,,'',0,6600,4,'',0
'VER2304-VER2304-Sunday-03',501,85400,,'',0,6600,4,'',0,9300,,'',0,2600,4,'',0,9800,,'',0,6600,4,'',0,9800,,'',0,2600,4,'',0,9800,,'',0,2600,4,'',0,9800,,'',0,6600,4,'',0,9800,,'',0,2600,4,'',0,9800,,'',0,6600,4,'',0
'VER2304-VER2304-Sunday-11',501,85400,,'',0,6600,4,'',0,9300,,'',0,2600,4,'',0,9800,,'',0,6600,4,'',0,9800,,'',0,2600,4,'',0,9800,,'',0,2600,4,'',0,9800,,'',0,6600,4,'',0,9800,,'',0,2600,4,'',0,9800,,'',0,6600,4,'',0
'VER2304-VER2304-Sunday-12',501,85400,,'',0,6600,4,'',0,9300,,'',0,2600,4,'',0,9800,,'',0,6600,4,'',0,9800,,'',0,2600,4,'',0,9800,,'',0,2600,4,'',0,9800,,'',0,6600,4,'',0,9800,,'',0,2600,4,'',0,9800,,'',0,6600,4,'',0
'VER2304-VER2304-Weekday-01',501,61400,,'',0,2600,4,'',0,1400,,'',0,6600,4,'',0,1400,,'',0,6600,4,'',0,1400,,'',0,2600,4,'',0,1400,,'',0,6600,4,'',0,1400,,'',0,6600,4,'',0,1400,,'',0,2600,4,'',0,1400,,'',0,6600,4,'',0,1400,,'',0,6600,4,'',0,1400,,'',0,2600,4,'',0,1400,,'',0,6600,4,'',0,1400,,'',0,6600,4,'',0,1400,,'',0,2600,4,'',0,1400,,'',0,6600,4,'',0,1400,,'',0,6600,4,'',0,1400,,'',0,2600,4,'',0,1400,,'',0,6600,4,'',0,1400,,'',0,6600,4,'',0,1400,,'',0,2600,4,'',0,1400,,'',0,6600,4,'',0,1400,,'',0,6600,4,'',0,1400,,'',0,2600,4,'',0,1400,,'',0,6600,4,'',0,1400,,'',0,6600,4,'',0
