'VER2304-VER2304-Saturday-02',900,90300,4,'',0,3200,4,'',0,7200,4,'',0,3200,4,'',0,7200,4,'',0,3200,4,'',0,7200,4,'',0,3200,4,'',0,7200,4,'',0,3200,4,'',0,7200,4,'',0,3200,4,'',0,7200,4,'',0,3200,4,'',0,7200,4,'',0,7200,4,'',0,3200,4,'',0,7200,4,'',0,3200,4,'',0,7200,4,'',0,3200,4,'',0,7200,4,'',0,3200,4,'',0,7200,4,'',0,3200,4,'',0
'VER2304-VER2304-Saturday-02',901,83500,,'',0,7200,,'',0,3200,,'',0,7200,,'',0,3200,,'',0,7200,,'',0,3200,,'',0,7200,,'',0,3200,,'',0,7200,,'',0,3200,,'',0,7200,,'',0,3200,,'',0,7200,,'',0,7200,,'',0,3200,,'',0,7200,,'',0,3200,,'',0,7200,,'',0,3200,,'',0,7200,,'',0,3200,,'',0,7200,,'',0,3200,,'',0,7200,,'',0
'VER2304-VER2304-Sunday-03',900,93500,4,'',0,7200,4,'',0,3200,4,'',0,7200,4,'',0,3200,4,'',0,7200,4,'',0,3200,4,'',0,7200,4,'',0,3200,4,'',0,7200,4,'',0,3200,4,'',0,7200,4,'',0,3200,4,'',0,7200,4,'',0,7200,4,'',0,3200,4,'',0,7200,4,'',0,3200,4,'',0
'VER2304-VER2304-Sunday-03',901,90700,,'',0,3200,,'',0,7200,,'',0,3200,,'',0,7200,,'',0,3200,,'',0,7200,,'',0,3200,,'',0,7200,,'',0,3200,,'',0,7200,,'',0,3200,,'',0,7200,,'',0,7200,,'',0,3200,,'',0,7200,,'',0,3200,,'',0,7200,,'',0
'VER2304-VER2304-Sunday-11',900,93500,4,'',0,7200,4,'',0,3200,4,'',0,7200,4,'',0,3200,4,'',0,7200,4,'',0,3200,4,'',0,7200,4,'',0,3200,4,'',0,7200,4,'',0,3200,4,'',0,7200,4,'',0,3200,4,'',0,7200,4,'',0,7200,4,'',0,3200,4,'',0,7200,4,'',0,3200,4,'',0
'VER2304-VER2304-Sunday-11',901,90700,,'',0,3200,,'',0,7200,,'',0,3200,,'',0,7200,,'',0,3200,,'',0,7200,,'',0,3200,,'',0,7200,,'',0,3200,,'',0,7200,,'',0,3200,,'',0,7200,,'',0,7200,,'',0,3200,,'',0,7200,,'',0,3200,,'',0,7200,,'',0
'VER2304-VER2304-Sunday-12',900,93500,4,'',0,7200,4,'',0,3200,4,'',0,7200,4,'',0,3200,4,'',0,7200,4,'',0,3200,4,'',0,7200,4,'',0,3200,4,'',0,7200,4,'',0,3200,4,'',0,7200,4,'',0,3200,4,'',0,7200,4,'',0,7200,4,'',0,3200,4,'',0,7200,4,'',0,3200,4,'',0
'VER2304-VER2304-Sunday-12',901,90700,,'',0,3200,,'',0,7200,,'',0,3200,,'',0,7200,,'',0,3200,,'',0,7200,,'',0,3200,,'',0,7200,,'',0,3200,,'',0,7200,,'',0,3200,,'',0,7200,,'',0,7200,,'',0,3200,,'',0,7200,,'',0,3200,,'',0,7200,,'',0
'VER2304-VER2304-Weekday-01',900,72800,4,'',0,1700,4,'',0,5700,4,'',0,1700,4,'',0,1700,4,'',0,1700,4,'',0,5700,4,'',0,1700,4,'',0,3200,4,'',0,7200,4,'',0,7200,4,'',0,3200,4,'',0,7200,4,'',0,3200,4,'',0,7200,4,'',0,3200,4,'',0,7200,4,'',0,3200,4,'',0,7200,4,'',0,3200,4,'',0,7200,4,'',0,1700,4,'',0,1700,4,'',0,5700,4,'',0,1700,4,'',0,1700,4,'',0,5700,4,'',0,1700,4,'',0,1700,4,'',0,7200,4,'',0,3200,4,'',0
'VER2304-VER2304-Weekday-01',901,70000,,'',0,1700,,'',0,1700,,'',0,1700,,'',0,5700,,'',0,1700,,'',0,1700,,'',0,1700,,'',0,7200,,'',0,7200,,'',0,3200,,'',0,7200,,'',0,3200,,'',0,7200,,'',0,3200,,'',0,7200,,'',0,3200,,'',0,7200,,'',0,3200,,'',0,7200,,'',0,3200,,'',0,5700,,'',0,1700,,'',0,1700,,'',0,5700,,'',0,1700,,'',0,1700,,'',0,1700,,'',0,5700,,'',0,3200,,'',0,7200,,'',0
'VER2304-VER2304-Weekday-01-0000100',900,201500,4,'',0,3200,4,'',0,7200,4,'',0,3200,4,'',0
'VER2304-VER2304-Weekday-01-0000100',901,194700,,'',0,7200,,'',0,3200,,'',0,7200,,'',0
