'VER2304-VER2304-Saturday-02',201,83500,,'',0,6500,4,'',0,800,,'',0,2500,4,'',0,700,,'',0,6500,4,'',0,700,,'',0,2500,4,'',0,700,,'',0,6500,4,'',0,700,,'',0,2500,4,'',0,700,,'',0,6500,4,'',0,700,,'',0,2500,4,'',0,700,,'',0,6500,4,'',0,700,,'',0,2500,4,'',0,700,,'',0,6500,4,'',0,700,,'',0,2500,4,'',0,4900,,'',0,2500,4,'',0,500,,'',0,2500,4,'',0,4700,,'',0,2500,4,'',0,600,,'',0,6500,4,'',0,800,,'',0,2500,4,'',0,700,,'',0,6500,4,'',0,700,,'',0,2500,4,'',0,700,,'',0,6500,4,'',0,700,,'',0,2500,4,'',0,700,,'',0,6500,4,'',0,700,,'',0,2500,4,'',0,1000,,'',0,6500,4,'',0,500,,'',0,2500,4,'',0
'VER2304-VER2304-Sunday-03',201,83500,,'',0,6500,4,'',0,800,,'',0,2500,4,'',0,700,,'',0,6500,4,'',0,700,,'',0,2500,4,'',0,700,,'',0,6500,4,'',0,700,,'',0,2500,4,'',0,700,,'',0,6500,4,'',0,700,,'',0,2500,4,'',0,7900,,'',0,2500,4,'',0,7900,,'',0,2500,4,'',0,7900,,'',0,2500,4,'',0,7800,,'',0,6500,4,'',0,800,,'',0,2500,4,'',0,700,,'',0,6500,4,'',0,700,,'',0,2500,4,'',0
'VER2304-VER2304-Sunday-11',201,83500,,'',0,6500,4,'',0,800,,'',0,2500,4,'',0,700,,'',0,6500,4,'',0,700,,'',0,2500,4,'',0,700,,'',0,6500,4,'',0,700,,'',0,2500,4,'',0,700,,'',0,6500,4,'',0,700,,'',0,2500,4,'',0,7900,,'',0,2500,4,'',0,7900,,'',0,2500,4,'',0,7900,,'',0,2500,4,'',0,7800,,'',0,6500,4,'',0,800,,'',0,2500,4,'',0,700,,'',0,6500,4,'',0,700,,'',0,2500,4,'',0
'VER2304-VER2304-Sunday-12',201,83500,,'',0,6500,4,'',0,800,,'',0,2500,4,'',0,700,,'',0,6500,4,'',0,700,,'',0,2500,4,'',0,700,,'',0,6500,4,'',0,700,,'',0,2500,4,'',0,700,,'',0,6500,4,'',0,700,,'',0,2500,4,'',0,7900,,'',0,2500,4,'',0,7900,,'',0,2500,4,'',0,7900,,'',0,2500,4,'',0,7800,,'',0,6500,4,'',0,800,,'',0,2500,4,'',0,700,,'',0,6500,4,'',0,700,,'',0,2500,4,'',0
'VER2304-VER2304-Weekday-01',201,62400,,'',0,2500,4,'',0,5100,,'',0,2500,4,'',0,700,,'',0,2500,4,'',0,4700,,'',0,2500,4,'',0,600,,'',0,6500,4,'',0,800,,'',0,2500,4,'',0,700,,'',0,6500,4,'',0,700,,'',0,2500,4,'',0,700,,'',0,6500,4,'',0,700,,'',0,2500,4,'',0,700,,'',0,6500,4,'',0,700,,'',0,2500,4,'',0,700,,'',0,6500,4,'',0,700,,'',0,2500,4,'',0,700,,'',0,6500,4,'',0,700,,'',0,2500,4,'',0,4700,,'',0,2500,4,'',0,700,,'',0,2500,4,'',0,4700,,'',0,2500,4,'',0,600,,'',0,6500,4,'',0,800,,'',0,2500,4,'',0,700,,'',0,6500,4,'',0,700,,'',0,2500,4,'',0,700,,'',0,6500,4,'',0,700,,'',0,2500,4,'',0,700,,'',0,6500,4,'',0
'VER2304-VER2304-Weekday-01-0000100',201,202000,,'',0,2500,4,'',0,1000,,'',0,6500,4,'',0,500,,'',0,2500,4,'',0
'VER2304-VER2304-Saturday-02',6000,94000,0,'Armstrong Only',0,16400,0,'Armstrong Only',0,22600,0,'Armstrong Only',0,17500,0,'Armstrong Only',0
'VER2304-VER2304-Saturday-02',6001,105400,4,'',0,17400,4,'',0,22700,4,'',0,17100,4,'',0
'VER2304-VER2304-Weekday-01',6000,74500,,'',0,26200,0,'Armstrong Only',0,30800,,'',0,22300,,'',0,21700,,'',0
'VER2304-VER2304-Weekday-01',6001,71300,4,'',0,24200,4,'',0,17500,4,'',0,39600,4,'',0,21700,4,'',0
'VER2304-VER2304-Weekday-01',6100,60500,,'',0,25000,0,'Lavington Only',0,19000,,'',0,58000,,'',0,11700,,'',0
'VER2304-VER2304-Weekday-01',6101,72200,4,'',0,21100,4,'',0,26900,4,'',0,54000,4,'',0,11700,4,'',0
