201,144000,1,0
201,144049,2,0
201,144050,3,0
201,144052,4,0
201,144054,5,0
201,144055,6,0
201,144056,7,0
201,144057,8,0
201,144058,9,0
201,144059,10,0
201,144060,11,0
201,144323,12,0
201,144169,13,0
201,144171,14,0
201,144300,15,0
201,144303,16,0
201,144097,17,0
201,144298,18,0
201,144100,19,0
201,144068,20,0
201,144069,21,1
300,144094,1,0
300,144300,2,0
300,144306,3,0
300,144305,4,0
300,144309,5,0
300,144065,6,0
300,144066,7,0
300,144102,8,0
300,144103,9,0
300,144104,10,0
300,144106,11,0
300,144107,12,0
300,144108,13,0
300,144109,14,0
300,144110,15,0
300,144040,16,0
300,144304,17,0
300,144111,18,0
300,144276,19,1
301,144276,1,0
301,144040,2,0
301,144304,3,0
301,144074,4,0
301,144076,5,0
301,144077,6,0
301,144079,7,0
301,144081,8,0
301,144082,9,0
301,144083,10,0
301,144084,11,0
301,144087,12,0
301,144319,13,0
301,144089,14,0
301,144091,15,0
301,144092,16,0
301,144093,17,0
301,144094,18,1
400,144275,1,0
400,144264,2,0
400,144112,3,0
400,144113,4,0
400,144115,5,0
400,144053,6,0
400,144116,7,0
400,144118,8,0
400,144328,9,0
400,144120,10,0
400,144121,11,0
400,144122,12,0
400,144123,13,0
400,144332,14,0
400,144124,15,0
400,144126,16,0
400,144127,17,0
400,144128,18,0
400,144130,19,0
400,144131,20,0
400,144133,21,0
400,144134,22,0
400,144135,23,0
400,144333,24,1
501,144276,1,0
501,144283,2,0
501,144278,3,0
501,144136,4,0
501,144137,5,0
501,144139,6,0
501,144140,7,0
501,144141,8,0
501,144142,9,0
501,144143,10,0
501,144144,11,0
501,144146,12,0
501,144147,13,0
501,144148,14,0
501,144149,15,0
501,144151,16,0
501,144153,17,0
501,144154,18,0
501,144155,19,0
501,144156,20,0
501,144157,21,0
501,144158,22,0
501,144159,23,0
501,144161,24,0
501,144162,25,0
501,144259,26,0
501,144163,27,0
501,144177,28,0
501,144164,29,0
501,144272,30,1
701,144038,1,0
701,144178,2,0
701,144179,3,0
701,144279,4,0
701,144180,5,0
701,144181,6,0
701,144183,7,0
701,144184,8,0
701,144186,9,0
701,144187,10,0
701,144189,11,0
701,144310,12,0
701,144311,13,0
701,144312,14,0
701,144313,15,0
701,144250,16,0
701,144199,17,0
701,144200,18,0
701,144201,19,0
701,144202,20,0
701,144203,21,0
701,144204,22,0
701,144206,23,0
701,144207,24,0
701,144208,25,0
701,144209,26,0
701,144210,27,0
701,144211,28,0
701,144301,29,0
701,144212,30,0
701,144213,31,0
701,144214,32,0
701,144215,33,0
701,144216,34,0
701,144217,35,0
701,144218,36,0
701,144219,37,0
701,144220,38,0
701,144221,39,0
701,144222,40,0
701,144223,41,0
701,144224,42,0
701,144111,43,1
801,144038,1,0
801,144074,2,0
801,144075,3,0
801,144248,4,0
801,144249,5,0
801,144193,6,0
801,144196,7,0
801,144197,8,0
801,144190,9,0
801,144191,10,0
801,144251,11,0
801,144252,12,0
801,144253,13,0
801,144324,14,0
801,144254,15,0
801,144255,16,0
801,144256,17,0
801,144257,18,0
801,144258,19,0
801,144207,20,0
801,144208,21,0
801,144209,22,0
801,144210,23,0
801,144211,24,0
801,144301,25,0
801,144212,26,0
801,144213,27,0
801,144214,28,0
801,144215,29,0
801,144216,30,0
801,144217,31,0
801,144218,32,0
801,144219,33,0
801,144220,34,0
801,144221,35,0
801,144222,36,0
801,144223,37,0
801,144224,38,0
801,144111,39,1
900,144094,1,0
900,144095,2,0
900,144096,3,0
900,144062,4,0
900,144064,5,0
900,144297,6,0
900,144309,7,0
900,144065,8,0
900,144066,9,0
900,144307,10,0
900,144327,11,0
900,144071,12,0
900,144269,13,0
900,144072,14,0
900,144073,15,0
900,144277,16,1
901,144277,1,0
901,144282,2,0
901,144045,3,0
901,144325,4,0
901,144326,5,0
901,106017,6,0
901,144084,7,0
901,144087,8,0
901,144318,9,0
901,144320,10,0
901,144308,11,0
901,144093,12,0
901,144094,13,1
1019,144030,1,0
1019,144031,2,0
1019,144033,3,0
1019,144034,4,0
1019,144035,5,0
1019,144275,6,1
1029,144275,1,0
1029,144002,2,0
1029,144003,3,0
1029,144280,4,0
1029,144004,5,0
1029,144005,6,0
1029,144008,7,0
1029,144009,8,0
1029,144010,9,0
1029,144331,10,0
1029,144011,11,0
1029,144012,12,0
1029,144013,13,0
1029,144014,14,0
1029,144015,15,0
1029,144016,16,0
1029,144017,17,0
1029,144018,18,0
1029,144019,19,0
1029,144020,20,0
1029,144261,21,0
1029,144262,22,0
1029,144021,23,0
1029,144022,24,0
1029,144023,25,0
1029,144024,26,0
1029,144025,27,0
1029,144260,28,0
1029,144263,29,0
1029,144026,30,0
1029,144027,31,0
1029,144028,32,0
1029,144029,33,0
1029,144030,34,1
6000,144274,1,0
6000,144282,2,0
6000,144045,3,0
6000,144325,4,0
6000,144326,5,0
6000,106017,6,0
6000,144084,7,0
6000,144087,8,0
6000,144320,9,0
6000,144287,10,0
6000,144290,11,0
6000,544004,12,0
6000,544003,13,0
6000,544001,14,0
6000,544000,15,0
6000,144228,16,0
6000,144336,17,0
6000,144315,18,0
6000,144229,19,0
6000,144230,20,0
6000,144294,21,1
6001,144294,1,0
6001,144236,2,0
6001,144334,3,0
6001,144293,4,0
6001,144292,5,0
6001,144229,6,0
6001,144237,7,0
6001,144340,8,0
6001,144339,9,0
6001,144238,10,0
6001,144314,11,0
6001,144239,12,0
6001,144240,13,0
6001,144241,14,0
6001,144270,15,0
6001,144242,16,0
6001,144243,17,0
6001,144244,18,0
6001,144245,19,0
6001,144227,20,0
6001,544005,21,0
6001,144226,22,0
6001,144225,23,0
6001,144286,24,0
6001,144323,25,0
6001,144062,26,0
6001,144064,27,0
6001,144297,28,0
6001,144065,29,0
6001,144066,30,0
6001,144307,31,0
6001,144327,32,0
6001,144071,33,0
6001,144269,34,0
6001,144072,35,0
6001,144073,36,0
6001,144274,37,1
6019,144037,1,0
6019,144283,2,0
6019,144278,3,0
6019,144136,4,0
6019,144285,5,0
6019,144165,6,0
6019,144167,7,0
6019,144168,8,0
6019,144170,9,1
6029,144170,1,0
6029,144172,2,0
6029,144173,3,0
6029,144174,4,0
6029,144175,5,0
6029,144176,6,0
6029,144177,7,0
6029,144164,8,0
6029,144272,9,0
6029,144037,10,1
6100,144000,1,0
6100,144002,2,0
6100,144316,3,0
6100,544010,4,0
6100,544008,5,0
6100,144246,6,0
6100,144247,7,0
6100,144266,8,1
6101,144266,1,0
6101,544009,2,0
6101,144281,3,0
6101,544007,4,0
6101,544006,5,0
6101,144317,6,0
6101,144035,7,0
6101,144000,8,1
9000,140104,1,0
9000,140159,2,0
9000,103846,3,0
9000,104916,4,0
9000,103680,5,0
9000,103569,6,0
9000,103604,7,0
9000,103610,8,0
9000,103650,9,0
9000,103653,10,0
9000,103654,11,0
9000,144329,12,0
9000,144322,13,0
9000,144168,14,0
9000,144170,15,0
9000,144274,16,1
9001,144274,1,0
9001,144168,2,0
9001,144170,3,0
9001,144321,4,0
9001,144330,5,0
9001,103657,6,0
9001,103655,7,0
9001,140238,8,0
9001,103847,9,0
9001,140160,10,0
9001,140104,11,1
