'VER2301-VER2301-Saturday-07',300,83100,,'',0,8000,,'',0,4000,,'',0,8000,,'',0,8000,,'',0,4000,,'',0,8000,,'',0,8000,,'',0,4000,,'',0,8000,,'',0,8000,,'',0,4000,,'',0,8000,,'',0,8000,,'',0,4000,,'',0,8000,,'',0,8000,,'',0,4000,,'',0,8000,,'',0,8000,,'',0,4000,,'',0
'VER2301-VER2301-Saturday-07',301,83100,4,'',0,8000,4,'',0,4000,4,'',0,8000,4,'',0,8000,4,'',0,4000,4,'',0,8000,4,'',0,8000,4,'',0,4000,4,'',0,8000,4,'',0,8000,4,'',0,4000,4,'',0,8000,4,'',0,8000,4,'',0,4000,4,'',0,8000,4,'',0,8000,4,'',0,4000,4,'',0,8000,4,'',0,8000,4,'',0,4000,4,'',0
'VER2301-VER2301-Sunday-06',300,91100,,'',0,4200,,'',0,8200,,'',0,8200,,'',0,4200,,'',0,8200,,'',0,8200,,'',0,8200,,'',0,4200,,'',0,8200,,'',0,8200,,'',0,4200,,'',0,8200,,'',0,8200,,'',0,4200,,'',0
'VER2301-VER2301-Sunday-06',301,91100,4,'',0,4200,4,'',0,8200,4,'',0,8200,4,'',0,4200,4,'',0,8200,4,'',0,8200,4,'',0,8200,4,'',0,4200,4,'',0,8200,4,'',0,8200,4,'',0,4200,4,'',0,8200,4,'',0,8200,4,'',0,4200,4,'',0
'VER2301-VER2301-Sunday-09',300,91100,,'',0,4200,,'',0,8200,,'',0,8200,,'',0,4200,,'',0,8200,,'',0,8200,,'',0,8200,,'',0,4200,,'',0,8200,,'',0,8200,,'',0,4200,,'',0,8200,,'',0,8200,,'',0,4200,,'',0
'VER2301-VER2301-Sunday-09',301,91100,4,'',0,4200,4,'',0,8200,4,'',0,8200,4,'',0,4200,4,'',0,8200,4,'',0,8200,4,'',0,8200,4,'',0,4200,4,'',0,8200,4,'',0,8200,4,'',0,4200,4,'',0,8200,4,'',0,8200,4,'',0,4200,4,'',0
'VER2301-VER2301-Weekday-06',300,63100,,'',0,7800,,'',0,4200,,'',0,8000,,'',0,8000,,'',0,4000,,'',0,8000,,'',0,8000,,'',0,4000,,'',0,8000,,'',0,8000,,'',0,4000,,'',0,8000,,'',0,8000,,'',0,4000,,'',0,8000,,'',0,8000,,'',0,4000,,'',0,8000,,'',0,8000,,'',0,4000,,'',0,8000,,'',0,8000,,'',0,4000,,'',0
'VER2301-VER2301-Weekday-06',301,63100,4,'',0,7800,4,'',0,4200,4,'',0,8000,4,'',0,8000,4,'',0,4000,4,'',0,8000,4,'',0,8000,4,'',0,4000,4,'',0,8000,4,'',0,8000,4,'',0,4000,4,'',0,8000,4,'',0,8000,4,'',0,4000,4,'',0,8000,4,'',0,8000,4,'',0,4000,4,'',0,8000,4,'',0,8000,4,'',0,4000,4,'',0,8000,4,'',0,8000,4,'',0,4000,4,'',0
'VER2301-VER2301-Saturday-07',900,85000,,'',0,7200,,'',0,3200,,'',0,7200,,'',0,3200,,'',0,7200,,'',0,7200,,'',0,3200,,'',0,7200,,'',0,3200,,'',0,7200,,'',0,3200,,'',0,7200,,'',0,3200,,'',0,7200,,'',0,3200,,'',0,7200,,'',0,3200,,'',0,7200,,'',0,3200,,'',0,7200,,'',0,7200,,'',0,3200,,'',0,7200,,'',0,3200,,'',0
'VER2301-VER2301-Saturday-07',901,85000,4,'',0,7200,4,'',0,3200,4,'',0,7200,4,'',0,3200,4,'',0,7200,4,'',0,7200,4,'',0,3200,4,'',0,7200,4,'',0,3200,4,'',0,7200,4,'',0,3200,4,'',0,7200,4,'',0,3200,4,'',0,7200,4,'',0,3200,4,'',0,7200,4,'',0,3200,4,'',0,7200,4,'',0,3200,4,'',0,7200,4,'',0,7200,4,'',0,3200,4,'',0,7200,4,'',0,3200,4,'',0
'VER2301-VER2301-Sunday-06',900,92200,,'',0,3200,,'',0,7200,,'',0,3200,,'',0,7200,,'',0,7200,,'',0,3200,,'',0,7200,,'',0,3200,,'',0,7200,,'',0,3200,,'',0,7200,,'',0,3200,,'',0,7200,,'',0,3200,,'',0,7200,,'',0,3200,,'',0,7200,,'',0
'VER2301-VER2301-Sunday-06',901,92200,4,'',0,3200,4,'',0,7200,4,'',0,3200,4,'',0,7200,4,'',0,7200,4,'',0,3200,4,'',0,7200,4,'',0,3200,4,'',0,7200,4,'',0,3200,4,'',0,7200,4,'',0,3200,4,'',0,7200,4,'',0,3200,4,'',0,7200,4,'',0,3200,4,'',0,7200,4,'',0
'VER2301-VER2301-Sunday-09',900,92200,,'',0,3200,,'',0,7200,,'',0,3200,,'',0,7200,,'',0,7200,,'',0,3200,,'',0,7200,,'',0,3200,,'',0,7200,,'',0,3200,,'',0,7200,,'',0,3200,,'',0,7200,,'',0,3200,,'',0,7200,,'',0,3200,,'',0,7200,,'',0
'VER2301-VER2301-Sunday-09',901,92200,4,'',0,3200,4,'',0,7200,4,'',0,3200,4,'',0,7200,4,'',0,7200,4,'',0,3200,4,'',0,7200,4,'',0,3200,4,'',0,7200,4,'',0,3200,4,'',0,7200,4,'',0,3200,4,'',0,7200,4,'',0,3200,4,'',0,7200,4,'',0,3200,4,'',0,7200,4,'',0
'VER2301-VER2301-Weekday-06',900,71500,,'',0,1700,,'',0,1700,,'',0,5700,,'',0,1700,,'',0,1700,,'',0,1700,,'',0,5700,,'',0,3200,,'',0,7200,,'',0,3200,,'',0,7200,,'',0,3200,,'',0,7200,,'',0,3200,,'',0,7200,,'',0,7200,,'',0,3200,,'',0,7200,,'',0,3200,,'',0,7200,,'',0,1700,,'',0,1700,,'',0,5700,,'',0,1700,,'',0,1700,,'',0,1700,,'',0,5700,,'',0,1700,,'',0,3200,,'',0,7200,,'',0
'VER2301-VER2301-Weekday-06',901,71500,4,'',0,1700,4,'',0,1700,4,'',0,5700,4,'',0,1700,4,'',0,1700,4,'',0,1700,4,'',0,5700,4,'',0,3200,4,'',0,7200,4,'',0,3200,4,'',0,7200,4,'',0,3200,4,'',0,7200,4,'',0,3200,4,'',0,7200,4,'',0,7200,4,'',0,3200,4,'',0,7200,4,'',0,3200,4,'',0,7200,4,'',0,1700,4,'',0,1700,4,'',0,5700,4,'',0,1700,4,'',0,1700,4,'',0,1700,4,'',0,5700,4,'',0,1700,4,'',0,3200,4,'',0,7200,4,'',0
'VER2301-VER2301-Weekday-06-0000100',900,200200,,'',0,3200,,'',0,7200,,'',0,3200,,'',0
'VER2301-VER2301-Weekday-06-0000100',901,200200,4,'',0,3200,4,'',0,7200,4,'',0,3200,4,'',0
