'VER2301-VER2301-Saturday-07',300,85100,4,'',0,8000,4,'',0,8000,4,'',0,4000,4,'',0,8000,4,'',0,8000,4,'',0,4000,4,'',0,8000,4,'',0,8000,4,'',0,4000,4,'',0,8000,4,'',0,8000,4,'',0,4000,4,'',0,8000,4,'',0,8000,4,'',0,4000,4,'',0,8000,4,'',0,8000,4,'',0,4000,4,'',0,8000,4,'',0,8000,4,'',0
'VER2301-VER2301-Saturday-07',301,80500,,'',0,4000,,'',0,8000,,'',0,8000,,'',0,4000,,'',0,8000,,'',0,8000,,'',0,4000,,'',0,8000,,'',0,8000,,'',0,4000,,'',0,8000,,'',0,8000,,'',0,4000,,'',0,8000,,'',0,8000,,'',0,4000,,'',0,8000,,'',0,8000,,'',0,4000,,'',0,8000,,'',0
'VER2301-VER2301-Sunday-06',300,93100,4,'',0,8200,4,'',0,4200,4,'',0,8200,4,'',0,8200,4,'',0,8200,4,'',0,4200,4,'',0,8200,4,'',0,8200,4,'',0,4200,4,'',0,8200,4,'',0,8200,4,'',0,4200,4,'',0,8200,4,'',0,8200,4,'',0
'VER2301-VER2301-Sunday-06',301,84500,,'',0,8200,,'',0,8200,,'',0,4200,,'',0,8200,,'',0,8200,,'',0,4200,,'',0,8200,,'',0,8200,,'',0,8200,,'',0,4200,,'',0,8200,,'',0,8200,,'',0,4200,,'',0,8200,,'',0
'VER2301-VER2301-Sunday-09',300,93100,4,'',0,8200,4,'',0,4200,4,'',0,8200,4,'',0,8200,4,'',0,8200,4,'',0,4200,4,'',0,8200,4,'',0,8200,4,'',0,4200,4,'',0,8200,4,'',0,8200,4,'',0,4200,4,'',0,8200,4,'',0,8200,4,'',0
'VER2301-VER2301-Sunday-09',301,84500,,'',0,8200,,'',0,8200,,'',0,4200,,'',0,8200,,'',0,8200,,'',0,4200,,'',0,8200,,'',0,8200,,'',0,8200,,'',0,4200,,'',0,8200,,'',0,8200,,'',0,4200,,'',0,8200,,'',0
'VER2301-VER2301-Weekday-06',300,65100,4,'',0,7800,4,'',0,8200,4,'',0,4000,4,'',0,8000,4,'',0,8000,4,'',0,4000,4,'',0,8000,4,'',0,8000,4,'',0,4000,4,'',0,8000,4,'',0,8000,4,'',0,4000,4,'',0,8000,4,'',0,8000,4,'',0,4000,4,'',0,8000,4,'',0,8000,4,'',0,4000,4,'',0,8000,4,'',0,8000,4,'',0,4000,4,'',0,8000,4,'',0,8000,4,'',0
'VER2301-VER2301-Weekday-06',301,60500,,'',0,3800,,'',0,8200,,'',0,8000,,'',0,4000,,'',0,8000,,'',0,8000,,'',0,4000,,'',0,8000,,'',0,8000,,'',0,4000,,'',0,8000,,'',0,8000,,'',0,4000,,'',0,8000,,'',0,8000,,'',0,4000,,'',0,8000,,'',0,8000,,'',0,4000,,'',0,8000,,'',0,8000,,'',0,4000,,'',0,8000,,'',0
'VER2301-VER2301-Saturday-07',501,81400,,'',0,2600,4,'',0,1400,,'',0,6600,4,'',0,1400,,'',0,6600,4,'',0,1400,,'',0,2600,4,'',0,1400,,'',0,6600,4,'',0,1400,,'',0,6600,4,'',0,1400,,'',0,2600,4,'',0,1400,,'',0,6600,4,'',0,1400,,'',0,6600,4,'',0,1400,,'',0,2600,4,'',0,1400,,'',0,6600,4,'',0,1400,,'',0,6600,4,'',0,1400,,'',0,2600,4,'',0,1400,,'',0,6600,4,'',0,1400,,'',0,6600,4,'',0,1400,,'',0,2600,4,'',0,1400,,'',0,6600,4,'',0,1400,,'',0,6600,4,'',0,1400,,'',0,2600,4,'',0,1400,,'',0,6600,4,'',0,1400,,'',0,6600,4,'',0
'VER2301-VER2301-Sunday-06',501,85400,,'',0,6600,4,'',0,9300,,'',0,2600,4,'',0,9800,,'',0,6600,4,'',0,9800,,'',0,2600,4,'',0,9800,,'',0,2600,4,'',0,9800,,'',0,6600,4,'',0,9800,,'',0,2600,4,'',0,9800,,'',0,6600,4,'',0
'VER2301-VER2301-Sunday-09',501,85400,,'',0,6600,4,'',0,9300,,'',0,2600,4,'',0,9800,,'',0,6600,4,'',0,9800,,'',0,2600,4,'',0,9800,,'',0,2600,4,'',0,9800,,'',0,6600,4,'',0,9800,,'',0,2600,4,'',0,9800,,'',0,6600,4,'',0
'VER2301-VER2301-Weekday-06',501,61400,,'',0,2600,4,'',0,1400,,'',0,6600,4,'',0,1400,,'',0,6600,4,'',0,1400,,'',0,2600,4,'',0,1400,,'',0,6600,4,'',0,1400,,'',0,6600,4,'',0,1400,,'',0,2600,4,'',0,1400,,'',0,6600,4,'',0,1400,,'',0,6600,4,'',0,1400,,'',0,2600,4,'',0,1400,,'',0,6600,4,'',0,1400,,'',0,6600,4,'',0,1400,,'',0,2600,4,'',0,1400,,'',0,6600,4,'',0,1400,,'',0,6600,4,'',0,1400,,'',0,2600,4,'',0,1400,,'',0,6600,4,'',0,1400,,'',0,6600,4,'',0,1400,,'',0,2600,4,'',0,1400,,'',0,6600,4,'',0,1400,,'',0,6600,4,'',0,1400,,'',0,2600,4,'',0,1400,,'',0,6600,4,'',0,1400,,'',0,6600,4,'',0
