'VER2304-VER2304-Saturday-02',2100,80000,,'',0,1800,4,'',0,8200,,'',0,1800,4,'',0,8200,,'',0,1800,4,'',0,8200,,'',0,1800,4,'',0,8200,,'',0,1800,4,'',0,8200,,'',0,1800,4,'',0,8200,,'',0,1800,4,'',0,8200,,'',0,1800,4,'',0,8200,,'',0,1800,4,'',0,8200,,'',0,1800,4,'',0,8200,,'',0,1800,4,'',0,8200,,'',0,1800,4,'',0
'VER2304-VER2304-Sunday-03',2100,90000,,'',0,1800,4,'',0,8200,,'',0,1800,4,'',0,8200,,'',0,1800,4,'',0,8200,,'',0,1800,4,'',0,8200,,'',0,1800,4,'',0,8200,,'',0,1800,4,'',0,8200,,'',0,1800,4,'',0,8200,,'',0,1800,4,'',0,8200,,'',0,1800,4,'',0
'VER2304-VER2304-Weekday-01',2100,70000,,'',0,1800,4,'',0,8200,,'',0,1800,4,'',0,8200,,'',0,1800,4,'',0,8200,,'',0,1800,4,'',0,8200,,'',0,1800,4,'',0,8200,,'',0,1800,4,'',0,8200,,'',0,1800,4,'',0,8200,,'',0,1800,4,'',0,8200,,'',0,1800,4,'',0,8200,,'',0,1800,4,'',0,8200,,'',0,1800,4,'',0,8200,,'',0,1800,4,'',0,8200,,'',0,1800,4,'',0
'VER2304-VER2304-Weekday-01-0000100',2100,200000,,'',0,1800,4,'',0
'VER2304-VER2304-Saturday-02',2200,90000,,'',0,3200,4,'',0,6800,,'',0,3200,4,'',0,6800,,'',0,3200,4,'',0,6800,,'',0,3200,4,'',0,6800,,'',0,3200,4,'',0,6800,,'',0,3200,4,'',0,6800,,'',0,3200,4,'',0,6800,,'',0,3200,4,'',0,6800,,'',0,3200,4,'',0,6800,,'',0,3200,4,'',0,6800,,'',0,3200,4,'',0
'VER2304-VER2304-Sunday-03',2200,92000,,'',0,3200,4,'',0,6800,,'',0,3200,4,'',0,6800,,'',0,3200,4,'',0,6800,,'',0,3200,4,'',0,6800,,'',0,3200,4,'',0,6800,,'',0,3200,4,'',0,6800,,'',0,3200,4,'',0,6800,,'',0,3200,4,'',0,6800,,'',0,3200,4,'',0
'VER2304-VER2304-Weekday-01',2200,70000,,'',0,3200,4,'',0,6800,,'',0,3200,4,'',0,6800,,'',0,3200,4,'',0,6800,,'',0,3200,4,'',0,6800,,'',0,3200,4,'',0,6800,,'',0,3200,4,'',0,6800,,'',0,3200,4,'',0,6800,,'',0,3200,4,'',0,6800,,'',0,3200,4,'',0,6800,,'',0,3200,4,'',0,6800,,'',0,3200,4,'',0,6800,,'',0,3200,4,'',0,6800,,'',0,3200,4,'',0
'VER2304-VER2304-Weekday-01-0000100',2200,200000,,'',0,3200,4,'',0
'VER2304-VER2304-Saturday-02',2300,82000,,'',0,3500,4,'',0,6500,,'',0,3500,4,'',0,6500,,'',0,3500,4,'',0,6500,,'',0,3500,4,'',0,6500,,'',0,3500,4,'',0,6500,,'',0,3500,4,'',0,6500,,'',0,3500,4,'',0,6500,,'',0,3500,4,'',0,6500,,'',0,3500,4,'',0,6500,,'',0,3500,4,'',0,6500,,'',0,3500,4,'',0
'VER2304-VER2304-Weekday-01',2300,72000,,'',0,3500,4,'',0,6500,,'',0,3500,4,'',0,6500,,'',0,3500,4,'',0,6500,,'',0,3500,4,'',0,6500,,'',0,3500,4,'',0,6500,,'',0,3500,4,'',0,6500,,'',0,3500,4,'',0,6500,,'',0,3500,4,'',0,6500,,'',0,3500,4,'',0,6500,,'',0,3500,4,'',0,6500,,'',0,3500,4,'',0,6500,,'',0,3500,4,'',0
'VER2304-VER2304-Weekday-01-0000100',2300,192000,,'',0,3500,4,'',0
'VER2304-VER2304-Saturday-02',2400,73500,,'',0,7500,4,'',0,32500,,'',0,7500,4,'',0,39500,,'',0,3500,4,'',0
'VER2304-VER2304-Weekday-01',2400,73500,,'',0,7500,4,'',0,32500,,'',0,7500,4,'',0,39500,,'',0,3500,4,'',0
'VER2304-VER2304-Saturday-02',2501,83500,,'',0,1900,4,'',0,8100,,'',0,1900,4,'',0,8100,,'',0,1900,4,'',0,8100,,'',0,1900,4,'',0,8100,,'',0,1900,4,'',0,8100,,'',0,1900,4,'',0,8100,,'',0,1900,4,'',0,8100,,'',0,1900,4,'',0,8100,,'',0,1900,4,'',0,8100,,'',0,1900,4,'',0,8100,,'',0,1900,4,'',0
'VER2304-VER2304-Weekday-01',2501,73500,,'',0,1900,4,'',0,8100,,'',0,1900,4,'',0,8100,,'',0,1900,4,'',0,8100,,'',0,1900,4,'',0,8100,,'',0,1900,4,'',0,8100,,'',0,1900,4,'',0,8100,,'',0,1900,4,'',0,8100,,'',0,1900,4,'',0,8100,,'',0,1900,4,'',0,8100,,'',0,1900,4,'',0,8100,,'',0,1900,4,'',0,8100,,'',0,1900,4,'',0
'VER2304-VER2304-Weekday-01-0000100',2501,193500,,'',0,1900,4,'',0
'VER2304-VER2304-Weekday-01-0010000',4100,92300,4,'',0,52700,4,'',0
'VER2304-VER2304-Weekday-01-0010000',4101,82000,,'',0,52900,,'',0
'VER2304-VER2304-Weekday-01-0001000',4200,140000,0,'Eagle Bay-Salmon Arm',0,14300,4,'',0
'VER2304-VER2304-Weekday-01-0001000',4201,81500,0,'Eagle Bay-Salmon Arm',0,14300,4,'',0
'VER2304-VER2304-Weekday-01-0001000',4300,160500,0,'Sorrento-Salmon Arm',0,11500,4,'',0
'VER2304-VER2304-Weekday-01-0001000',4301,100500,0,'Sorrento-Salmon Arm',0,11600,4,'',0
