201,144000,1,0
201,144049,2,0
201,144050,3,0
201,144052,4,0
201,144054,5,0
201,144055,6,0
201,144056,7,0
201,144057,8,0
201,144058,9,0
201,144059,10,0
201,144060,11,0
201,144323,12,0
201,144169,13,0
201,144171,14,0
201,144300,15,0
201,144303,16,0
201,144097,17,0
201,144298,18,0
201,144100,19,0
201,144068,20,0
201,144069,21,0
300,144094,1,0
300,144300,2,0
300,144306,3,0
300,144305,4,0
300,144309,5,0
300,144065,6,0
300,144066,7,0
300,144102,8,0
300,144103,9,0
300,144104,10,0
300,144106,11,0
300,144107,12,0
300,144108,13,0
300,144109,14,0
300,144110,15,0
300,144040,16,0
300,144304,17,0
300,144111,18,0
300,144276,19,1
301,144276,1,0
301,144039,2,0
301,144040,3,0
301,144304,4,0
301,144074,5,0
301,144076,6,0
301,144077,7,0
301,144079,8,0
301,144081,9,0
301,144082,10,0
301,144083,11,0
301,144084,12,0
301,144087,13,0
301,144319,14,0
301,144089,15,0
301,144092,16,0
301,144093,17,0
301,144094,18,1
400,144275,1,0
400,144264,2,0
400,144112,3,0
400,144113,4,0
400,144115,5,0
400,144053,6,0
400,144116,7,0
400,144118,8,0
400,144328,9,0
400,144120,10,0
400,144121,11,0
400,144122,12,0
400,144123,13,0
400,144332,14,0
400,144124,15,0
400,144126,16,0
400,144127,17,0
400,144128,18,0
400,144130,19,0
400,144131,20,0
400,144133,21,0
400,144134,22,0
400,144135,23,0
400,144333,24,0
501,144276,1,0
501,144283,2,0
501,144278,3,0
501,144136,4,0
501,144137,5,0
501,144139,6,0
501,144140,7,0
501,144141,8,0
501,144142,9,0
501,144143,10,0
501,144144,11,0
501,144146,12,0
501,144147,13,0
501,144148,14,0
501,144149,15,0
501,144151,16,0
501,144153,17,0
501,144154,18,0
501,144155,19,0
501,144156,20,0
501,144157,21,0
501,144158,22,0
501,144159,23,0
501,144161,24,0
501,144162,25,0
501,144259,26,0
501,144163,27,0
501,144177,28,0
501,144164,29,0
501,144272,30,0
600,144170,1,0
600,144173,2,0
600,144174,3,0
600,144175,4,0
600,144176,5,0
600,144177,6,0
600,144164,7,0
600,144272,8,0
600,144037,9,1
601,144037,1,0
601,144283,2,0
601,144278,3,0
601,144136,4,0
601,144165,5,0
601,144167,6,0
601,144168,7,0
601,144170,8,1
701,144038,1,0
701,144039,2,0
701,144178,3,0
701,144179,4,0
701,144279,5,0
701,144180,6,0
701,144181,7,0
701,144183,8,0
701,144184,9,0
701,144186,10,0
701,144187,11,0
701,144189,12,0
701,144310,13,0
701,144311,14,0
701,144312,15,0
701,144313,16,0
701,144250,17,0
701,144199,18,0
701,144200,19,0
701,144201,20,0
701,144202,21,0
701,144203,22,0
701,144204,23,0
701,144206,24,0
701,144207,25,0
701,144208,26,0
701,144209,27,0
701,144210,28,0
701,144211,29,0
701,144301,30,0
701,144212,31,0
701,144213,32,0
701,144214,33,0
701,144215,34,0
701,144216,35,0
701,144217,36,0
701,144218,37,0
701,144219,38,0
701,144220,39,0
701,144221,40,0
701,144222,41,0
701,144223,42,0
701,144224,43,0
701,144111,44,0
801,144038,1,0
801,144039,2,0
801,144074,3,0
801,144075,4,0
801,144248,5,0
801,144249,6,0
801,144193,7,0
801,144196,8,0
801,144197,9,0
801,144190,10,0
801,144191,11,0
801,144251,12,0
801,144252,13,0
801,144253,14,0
801,144324,15,0
801,144254,16,0
801,144255,17,0
801,144256,18,0
801,144257,19,0
801,144258,20,0
801,144207,21,0
801,144208,22,0
801,144209,23,0
801,144210,24,0
801,144211,25,0
801,144301,26,0
801,144212,27,0
801,144213,28,0
801,144214,29,0
801,144215,30,0
801,144216,31,0
801,144217,32,0
801,144218,33,0
801,144219,34,0
801,144220,35,0
801,144221,36,0
801,144222,37,0
801,144223,38,0
801,144224,39,0
801,144111,40,0
900,144094,1,0
900,144095,2,0
900,144096,3,0
900,144062,4,0
900,144064,5,0
900,144297,6,0
900,144309,7,0
900,144065,8,0
900,144066,9,0
900,144307,10,0
900,144327,11,0
900,144071,12,0
900,144269,13,0
900,144072,14,0
900,144073,15,0
900,144277,16,1
901,144277,1,0
901,144282,2,0
901,144045,3,0
901,144325,4,0
901,144326,5,0
901,106017,6,0
901,144084,7,0
901,144087,8,0
901,144318,9,0
901,144320,10,0
901,144308,11,0
901,144093,12,0
901,144094,13,1
1019,144030,1,0
1019,144031,2,0
1019,144033,3,0
1019,144034,4,0
1019,144035,5,0
1019,144275,6,1
1029,144275,1,0
1029,144002,2,0
1029,144003,3,0
1029,144004,4,0
1029,144005,5,0
1029,144008,6,0
1029,144009,7,0
1029,144010,8,0
1029,144331,9,0
1029,144011,10,0
1029,144012,11,0
1029,144013,12,0
1029,144014,13,0
1029,144015,14,0
1029,144016,15,0
1029,144017,16,0
1029,144018,17,0
1029,144019,18,0
1029,144020,19,0
1029,144261,20,0
1029,144262,21,0
1029,144021,22,0
1029,144022,23,0
1029,144023,24,0
1029,144024,25,0
1029,144025,26,0
1029,144260,27,0
1029,144263,28,0
1029,144026,29,0
1029,144027,30,0
1029,144342,31,0
1029,144029,32,0
1029,144030,33,1
2100,159000,1,0
2100,159001,2,0
2100,159005,3,0
2100,159006,4,0
2100,159007,5,0
2100,159008,6,0
2100,159009,7,0
2100,159010,8,0
2100,159011,9,0
2100,159012,10,0
2100,159013,11,0
2100,159014,12,0
2100,159015,13,0
2100,159016,14,0
2100,159017,15,0
2100,159018,16,0
2100,159100,17,0
2100,159019,18,0
2100,159020,19,0
2100,159021,20,0
2100,159022,21,0
2100,159023,22,0
2200,159000,1,0
2200,159001,2,0
2200,159005,3,0
2200,159006,4,0
2200,159007,5,0
2200,159024,6,0
2200,159025,7,0
2200,159026,8,0
2200,159027,9,0
2200,159028,10,0
2200,159029,11,0
2200,159030,12,0
2200,159031,13,0
2200,159032,14,0
2200,159033,15,0
2200,159034,16,0
2200,159035,17,0
2200,159036,18,0
2200,159037,19,0
2200,159038,20,0
2200,159039,21,0
2200,159040,22,0
2200,159041,23,0
2200,159042,24,0
2200,159043,25,0
2200,159044,26,0
2200,159045,27,0
2200,159046,28,0
2200,159047,29,0
2200,159048,30,0
2200,159049,31,0
2200,159050,32,0
2200,159051,33,0
2200,159099,34,0
2200,159101,35,0
2200,159052,36,0
2200,159053,37,0
2200,159054,38,0
2200,159055,39,0
2200,159056,40,0
2200,159057,41,0
2200,159058,42,0
2200,159059,43,0
2200,159060,44,0
2200,159061,45,0
2200,159062,46,0
2200,159063,47,0
2200,159022,48,0
2200,159023,49,0
2300,159000,1,0
2300,159001,2,0
2300,159064,3,0
2300,159065,4,0
2300,159066,5,0
2300,159067,6,0
2300,159068,7,0
2300,159069,8,0
2300,159070,9,0
2300,159071,10,0
2300,159072,11,0
2300,159073,12,0
2300,159074,13,0
2300,159075,14,0
2300,159076,15,0
2300,159077,16,0
2300,159078,17,0
2300,159079,18,0
2300,159080,19,0
2300,159081,20,0
2300,159082,21,0
2300,159083,22,0
2300,159084,23,0
2300,159085,24,0
2300,159086,25,0
2300,159087,26,0
2300,159055,27,0
2300,159056,28,0
2300,159057,29,0
2300,159058,30,0
2300,159059,31,0
2300,159060,32,0
2300,159061,33,0
2300,159062,34,0
2300,159063,35,0
2300,159022,36,0
2300,159023,37,0
2400,159000,1,0
2400,159107,2,0
2400,159089,3,0
2400,159090,4,0
2400,559000,5,0
2400,159023,6,0
2501,159000,1,0
2501,159001,2,0
2501,159002,3,0
2501,159003,4,0
2501,159004,5,0
2501,159100,6,0
2501,159019,7,0
2501,159088,8,0
2501,159022,9,0
4100,159106,1,0
4100,144295,2,0
4100,559003,3,0
4100,559001,4,0
4100,159091,5,0
4100,159022,6,0
4100,159023,7,0
4100,159000,8,1
4101,159000,1,0
4101,159001,2,0
4101,159091,3,0
4101,559002,4,0
4101,144231,5,0
4101,159106,6,1
4200,159000,1,0
4200,159092,2,0
4200,159093,3,0
4200,159094,4,0
4200,159022,5,0
4200,159023,6,0
4201,159000,1,0
4201,159094,2,0
4201,159103,3,0
4201,159104,4,0
4201,159022,5,0
4201,159023,6,0
4300,159000,1,0
4300,159093,2,0
4300,159105,3,0
4300,159098,4,0
4300,159097,5,0
4300,159022,6,0
4300,159023,7,0
4301,159000,1,0
4301,159097,2,0
4301,159096,3,0
4301,159095,4,0
4301,159022,5,0
4301,159023,6,0
6000,144274,1,0
6000,144282,2,0
6000,144045,3,0
6000,144325,4,0
6000,144326,5,0
6000,106017,6,0
6000,144084,7,0
6000,144087,8,0
6000,144320,9,0
6000,144287,10,0
6000,144290,11,0
6000,544004,12,0
6000,544003,13,0
6000,544001,14,0
6000,144335,15,0
6000,144337,16,0
6000,144228,17,0
6000,144336,18,0
6000,144315,19,0
6000,144229,20,0
6000,144230,21,0
6000,159106,22,1
6001,159106,1,0
6001,144334,2,0
6001,144293,3,0
6001,144292,4,0
6001,144229,5,0
6001,144237,6,0
6001,144340,7,0
6001,144339,8,0
6001,144239,9,0
6001,144240,10,0
6001,144241,11,0
6001,144270,12,0
6001,144242,13,0
6001,144243,14,0
6001,144244,15,0
6001,144245,16,0
6001,144227,17,0
6001,544005,18,0
6001,144226,19,0
6001,144225,20,0
6001,144286,21,0
6001,144323,22,0
6001,144062,23,0
6001,144064,24,0
6001,144297,25,0
6001,144065,26,0
6001,144066,27,0
6001,144307,28,0
6001,144327,29,0
6001,144071,30,0
6001,144269,31,0
6001,144072,32,0
6001,144073,33,0
6001,144274,34,1
6100,144000,1,0
6100,144002,2,0
6100,144316,3,0
6100,544010,4,0
6100,544008,5,0
6100,144246,6,0
6100,144247,7,0
6100,144266,8,1
6101,144266,1,0
6101,544009,2,0
6101,144281,3,0
6101,544007,4,0
6101,544006,5,0
6101,144317,6,0
6101,144035,7,0
6101,144000,8,1
9000,140104,1,0
9000,140159,2,0
9000,140249,3,0
9000,140251,4,0
9000,104916,5,0
9000,103680,6,0
9000,103569,7,0
9000,103604,8,0
9000,103610,9,0
9000,103654,10,0
9000,144329,11,0
9000,144322,12,0
9000,144168,13,0
9000,144170,14,0
9000,144274,15,1
9001,144274,1,0
9001,144168,2,0
9001,144170,3,0
9001,144321,4,0
9001,144330,5,0
9001,103655,6,0
9001,140238,7,0
9001,140250,8,0
9001,140248,9,0
9001,140160,10,0
9001,140104,11,1
