'VER2301-VER2301-Saturday-07',900,90300,4,'',0,3200,4,'',0,7200,4,'',0,3200,4,'',0,7200,4,'',0,3200,4,'',0,7200,4,'',0,3200,4,'',0,7200,4,'',0,3200,4,'',0,7200,4,'',0,3200,4,'',0,7200,4,'',0,3200,4,'',0,7200,4,'',0,7200,4,'',0,3200,4,'',0,7200,4,'',0,3200,4,'',0,7200,4,'',0,3200,4,'',0,7200,4,'',0,3200,4,'',0,7200,4,'',0,3200,4,'',0
'VER2301-VER2301-Saturday-07',901,83500,,'',0,7200,,'',0,3200,,'',0,7200,,'',0,3200,,'',0,7200,,'',0,3200,,'',0,7200,,'',0,3200,,'',0,7200,,'',0,3200,,'',0,7200,,'',0,3200,,'',0,7200,,'',0,7200,,'',0,3200,,'',0,7200,,'',0,3200,,'',0,7200,,'',0,3200,,'',0,7200,,'',0,3200,,'',0,7200,,'',0,3200,,'',0,7200,,'',0
'VER2301-VER2301-Sunday-06',900,93500,4,'',0,7200,4,'',0,3200,4,'',0,7200,4,'',0,3200,4,'',0,7200,4,'',0,3200,4,'',0,7200,4,'',0,3200,4,'',0,7200,4,'',0,3200,4,'',0,7200,4,'',0,3200,4,'',0,7200,4,'',0,7200,4,'',0,3200,4,'',0,7200,4,'',0,3200,4,'',0
'VER2301-VER2301-Sunday-06',901,90700,,'',0,3200,,'',0,7200,,'',0,3200,,'',0,7200,,'',0,3200,,'',0,7200,,'',0,3200,,'',0,7200,,'',0,3200,,'',0,7200,,'',0,3200,,'',0,7200,,'',0,7200,,'',0,3200,,'',0,7200,,'',0,3200,,'',0,7200,,'',0
'VER2301-VER2301-Sunday-09',900,93500,4,'',0,7200,4,'',0,3200,4,'',0,7200,4,'',0,3200,4,'',0,7200,4,'',0,3200,4,'',0,7200,4,'',0,3200,4,'',0,7200,4,'',0,3200,4,'',0,7200,4,'',0,3200,4,'',0,7200,4,'',0,7200,4,'',0,3200,4,'',0,7200,4,'',0,3200,4,'',0
'VER2301-VER2301-Sunday-09',901,90700,,'',0,3200,,'',0,7200,,'',0,3200,,'',0,7200,,'',0,3200,,'',0,7200,,'',0,3200,,'',0,7200,,'',0,3200,,'',0,7200,,'',0,3200,,'',0,7200,,'',0,7200,,'',0,3200,,'',0,7200,,'',0,3200,,'',0,7200,,'',0
'VER2301-VER2301-Weekday-06',900,72800,4,'',0,1700,4,'',0,5700,4,'',0,1700,4,'',0,1700,4,'',0,1700,4,'',0,5700,4,'',0,1700,4,'',0,3200,4,'',0,7200,4,'',0,7200,4,'',0,3200,4,'',0,7200,4,'',0,3200,4,'',0,7200,4,'',0,3200,4,'',0,7200,4,'',0,3200,4,'',0,7200,4,'',0,3200,4,'',0,7200,4,'',0,1700,4,'',0,1700,4,'',0,5700,4,'',0,1700,4,'',0,1700,4,'',0,5700,4,'',0,1700,4,'',0,1700,4,'',0,7200,4,'',0,3200,4,'',0
'VER2301-VER2301-Weekday-06',901,70000,,'',0,1700,,'',0,1700,,'',0,1700,,'',0,5700,,'',0,1700,,'',0,1700,,'',0,1700,,'',0,7200,,'',0,7200,,'',0,3200,,'',0,7200,,'',0,3200,,'',0,7200,,'',0,3200,,'',0,7200,,'',0,3200,,'',0,7200,,'',0,3200,,'',0,7200,,'',0,3200,,'',0,5700,,'',0,1700,,'',0,1700,,'',0,5700,,'',0,1700,,'',0,1700,,'',0,1700,,'',0,5700,,'',0,3200,,'',0,7200,,'',0
'VER2301-VER2301-Weekday-06-0000100',900,201500,4,'',0,3200,4,'',0,7200,4,'',0,3200,4,'',0
'VER2301-VER2301-Weekday-06-0000100',901,194700,,'',0,7200,,'',0,3200,,'',0,7200,,'',0
