'VER2301-VER2301-Saturday-07',600,90700,4,'',0,3500,4,'',0,7500,4,'',0,3500,4,'',0,7500,4,'',0,7500,4,'',0,3500,4,'',0,7500,4,'',0,3500,4,'',0,7500,4,'',0,3500,4,'',0,7500,4,'',0,7500,4,'',0,3500,4,'',0,8200,4,'',0,3500,4,'',0,7500,4,'',0,8400,4,'',0,2600,4,'',0,7600,4,'',0
'VER2301-VER2301-Saturday-07',601,84200,,'',0,7500,,'',0,3500,,'',0,7500,,'',0,7500,,'',0,3500,,'',0,7500,,'',0,3500,,'',0,7500,,'',0,3500,,'',0,7500,,'',0,7500,,'',0,3500,,'',0,7500,,'',0,4200,,'',0,7500,,'',0,7500,,'',0,4400,,'',0,6600,,'',0,3600,,'',0
'VER2301-VER2301-Sunday-06',600,90700,4,'',0,9800,4,'',0,12400,4,'',0,12400,4,'',0,16400,4,'',0,12400,4,'',0,16400,4,'',0,12400,4,'',0
'VER2301-VER2301-Sunday-06',601,84200,,'',0,9800,,'',0,16400,,'',0,12400,,'',0,12400,,'',0,16400,,'',0,12400,,'',0,16400,,'',0
'VER2301-VER2301-Sunday-09',600,90700,4,'',0,9800,4,'',0,12400,4,'',0,12400,4,'',0,16400,4,'',0,12400,4,'',0,16400,4,'',0,12400,4,'',0
'VER2301-VER2301-Sunday-09',601,84200,,'',0,9800,,'',0,16400,,'',0,12400,,'',0,12400,,'',0,16400,,'',0,12400,,'',0,16400,,'',0
'VER2301-VER2301-Weekday-06',600,65400,4,'',0,7000,4,'',0,3300,4,'',0,7500,4,'',0,7500,4,'',0,3500,4,'',0,7500,4,'',0,3500,4,'',0,7500,4,'',0,7500,4,'',0,3500,4,'',0,7500,4,'',0,3500,4,'',0,7500,4,'',0,3500,4,'',0,7500,4,'',0,7500,4,'',0,3500,4,'',0,8200,4,'',0,3500,4,'',0,7500,4,'',0,8400,4,'',0
'VER2301-VER2301-Weekday-06',601,62900,,'',0,3000,,'',0,7300,,'',0,7500,,'',0,3500,,'',0,7500,,'',0,3500,,'',0,7500,,'',0,7500,,'',0,3500,,'',0,7500,,'',0,3500,,'',0,7500,,'',0,3500,,'',0,7500,,'',0,7500,,'',0,3500,,'',0,7500,,'',0,4200,,'',0,7500,,'',0,7500,,'',0,4400,,'',0
'VER2301-VER2301-Weekday-06-0000100',600,194400,4,'',0,7600,4,'',0
'VER2301-VER2301-Weekday-06-0000100',601,191900,,'',0,3600,,'',0
