'VER2301-VER2301-Saturday-07',1019,83600,4,'',0,10800,4,'',0,11000,4,'',0,15000,4,'',0,11000,4,'',0,11000,4,'',0,11000,4,'',0,11000,4,'',0,16100,4,'',0,11000,4,'',0
'VER2301-VER2301-Saturday-07',1029,80300,,'',0,10800,,'',0,11000,,'',0,11000,,'',0,11000,,'',0,11000,,'',0,15000,,'',0,11000,,'',0,12100,,'',0,11000,,'',0
'VER2301-VER2301-Sunday-09',1019,120400,4,'',0,11000,4,'',0,11000,4,'',0,11000,4,'',0,11000,4,'',0
'VER2301-VER2301-Sunday-09',1029,113100,,'',0,11000,,'',0,11000,,'',0,15000,,'',0,11000,,'',0
'VER2301-VER2301-Weekday-06',1019,65500,4,'',0,10100,4,'',0,8000,4,'',0,10800,4,'',0,11000,4,'',0,15000,4,'',0,11000,4,'',0,11000,4,'',0,11000,4,'',0,11000,4,'',0,16100,4,'',0,11000,4,'',0
'VER2301-VER2301-Weekday-06',1029,62200,,'',0,10100,,'',0,8000,,'',0,10800,,'',0,11000,,'',0,11000,,'',0,11000,,'',0,11000,,'',0,15000,,'',0,11000,,'',0,12100,,'',0,11000,,'',0
'VER2301-VER2301-Saturday-07',400,84200,,'',0,6200,4,'',0,4800,,'',0,6200,4,'',0,8800,,'',0,2200,4,'',0,8800,,'',0,2200,4,'',0,8800,,'',0,2200,4,'',0,8800,,'',0,2200,4,'',0,8800,,'',0,6200,4,'',0,9600,,'',0,2200,4,'',0,9100,,'',0,2200,4,'',0,8600,,'',0,2200,4,'',0,8600,,'',0,2200,4,'',0
'VER2301-VER2301-Sunday-06',400,84200,,'',0,6200,4,'',0,4800,,'',0,6200,4,'',0,8800,,'',0,2200,4,'',0,8800,,'',0,2200,4,'',0,8800,,'',0,2200,4,'',0,8800,,'',0,2200,4,'',0,8800,,'',0,6200,4,'',0,4800,,'',0,6200,4,'',0,8800,,'',0,2200,4,'',0
'VER2301-VER2301-Sunday-09',400,84200,,'',0,6200,4,'',0,4800,,'',0,6200,4,'',0,8800,,'',0,2200,4,'',0,8800,,'',0,2200,4,'',0,8800,,'',0,2200,4,'',0,8800,,'',0,2200,4,'',0,8800,,'',0,6200,4,'',0,4800,,'',0,6200,4,'',0,8800,,'',0,2200,4,'',0
'VER2301-VER2301-Weekday-06',400,63300,,'',0,2200,4,'',0,300,,'',0,6200,4,'',0,1600,,'',0,2200,4,'',0,8400,,'',0,6200,4,'',0,4800,,'',0,6200,4,'',0,8800,,'',0,2200,4,'',0,8800,,'',0,2200,4,'',0,8800,,'',0,2200,4,'',0,8800,,'',0,2200,4,'',0,8800,,'',0,6200,4,'',0,9600,,'',0,2200,4,'',0,9100,,'',0,2200,4,'',0,8600,,'',0,2200,4,'',0
'VER2301-VER2301-Weekday-06-0000100',400,202900,,'',0,2200,4,'',0
