'4654',300,83000,,'',0,8000,,'',0,4000,,'',0,8000,,'',0,8000,,'',0,4000,,'',0,8000,,'',0,8000,,'',0,4100,,'',0,8000,,'',0,8000,,'',0,3900,,'',0,8000,,'',0,8000,,'',0,4000,,'',0,8000,,'',0,7900,,'',0,4000,,'',0,7900,,'',0,8000,,'',0,4000,,'',0
'4654',301,83000,4,'',0,8000,4,'',0,4000,4,'',0,8000,4,'',0,8000,4,'',0,4000,4,'',0,8000,4,'',0,8000,4,'',0,4100,4,'',0,8000,4,'',0,8000,4,'',0,3900,4,'',0,8000,4,'',0,8000,4,'',0,4000,4,'',0,8000,4,'',0,7900,4,'',0,4000,4,'',0,7900,4,'',0,8000,4,'',0,4000,4,'',0
'4748',300,91000,,'',0,4200,,'',0,8200,,'',0,8200,,'',0,4200,,'',0,8200,,'',0,8200,,'',0,8200,,'',0,4200,,'',0,8100,,'',0,8200,,'',0,4200,,'',0,8200,,'',0,8200,,'',0,4200,,'',0
'4748',301,91000,4,'',0,4200,4,'',0,8200,4,'',0,8200,4,'',0,4200,4,'',0,8200,4,'',0,8200,4,'',0,8200,4,'',0,4200,4,'',0,8100,4,'',0,8200,4,'',0,4200,4,'',0,8200,4,'',0,8200,4,'',0,4200,4,'',0
'4749',300,62700,,'',0,8000,,'',0,3800,,'',0,9100,,'',0,10500,,'',0,6500,,'',0,12700,,'',0,16700,,'',0,4900,,'',0,6500,,'',0,2500,,'',0,7000,,'',0,10000,,'',0,10000,,'',0,2900,,'',0,7800,,'',0,3900,,'',0,8000,,'',0,8200,,'',0,8500,,'',0,4500,,'',0
'4749',301,62700,4,'',0,8000,4,'',0,3800,4,'',0,9100,4,'',0,10500,4,'',0,6500,4,'',0,12700,4,'',0,16700,4,'',0,4900,4,'',0,6500,4,'',0,2500,4,'',0,7000,4,'',0,10000,4,'',0,10000,4,'',0,2900,4,'',0,7800,4,'',0,3900,4,'',0,8000,4,'',0,8200,4,'',0,8500,4,'',0,4500,4,'',0
'4750',300,91600,,'',0,13500,,'',0,16600,,'',0,32200,,'',0,10000,,'',0
'4750',301,91600,4,'',0,13500,4,'',0,16600,4,'',0,32200,4,'',0,10000,4,'',0
'4753',300,91600,,'',0,13500,,'',0,16600,,'',0,32200,,'',0,10000,,'',0
'4753',301,91600,4,'',0,13500,4,'',0,16600,4,'',0,32200,4,'',0,10000,4,'',0
'4754',300,91000,,'',0,4200,,'',0,8200,,'',0,8200,,'',0,4200,,'',0,8200,,'',0,8200,,'',0,8200,,'',0,4200,,'',0,8100,,'',0,8200,,'',0,4200,,'',0,8200,,'',0,8200,,'',0,4200,,'',0
'4754',301,91000,4,'',0,4200,4,'',0,8200,4,'',0,8200,4,'',0,4200,4,'',0,8200,4,'',0,8200,4,'',0,8200,4,'',0,4200,4,'',0,8100,4,'',0,8200,4,'',0,4200,4,'',0,8200,4,'',0,8200,4,'',0,4200,4,'',0
'4755',300,91000,,'',0,4200,,'',0,8200,,'',0,8200,,'',0,4200,,'',0,8200,,'',0,8200,,'',0,8200,,'',0,4200,,'',0,8100,,'',0,8200,,'',0,4200,,'',0,8200,,'',0,8200,,'',0,4200,,'',0
'4755',301,91000,4,'',0,4200,4,'',0,8200,4,'',0,8200,4,'',0,4200,4,'',0,8200,4,'',0,8200,4,'',0,8200,4,'',0,4200,4,'',0,8100,4,'',0,8200,4,'',0,4200,4,'',0,8200,4,'',0,8200,4,'',0,4200,4,'',0
'4654',900,85000,,'',0,7200,,'',0,3300,,'',0,7200,,'',0,3200,,'',0,7200,,'',0,7200,,'',0,3200,,'',0,7200,,'',0,3200,,'',0,7200,,'',0,3200,,'',0,7200,,'',0,3200,,'',0,7200,,'',0,3200,,'',0,7100,,'',0,3200,,'',0,7200,,'',0,3200,,'',0,7200,,'',0,7200,,'',0,3200,,'',0,7200,,'',0,3200,,'',0
'4654',901,85000,4,'',0,7200,4,'',0,3300,4,'',0,7200,4,'',0,3200,4,'',0,7200,4,'',0,7200,4,'',0,3200,4,'',0,7200,4,'',0,3200,4,'',0,7200,4,'',0,3200,4,'',0,7200,4,'',0,3200,4,'',0,7200,4,'',0,3200,4,'',0,7100,4,'',0,3200,4,'',0,7200,4,'',0,3200,4,'',0,7200,4,'',0,7200,4,'',0,3200,4,'',0,7200,4,'',0,3200,4,'',0
'4748',900,92200,,'',0,3200,,'',0,7200,,'',0,3200,,'',0,7200,,'',0,7200,,'',0,3300,,'',0,7200,,'',0,3200,,'',0,7200,,'',0,3200,,'',0,7200,,'',0,3100,,'',0,7200,,'',0,3200,,'',0,7200,,'',0,3200,,'',0,7200,,'',0
'4748',901,92200,4,'',0,3200,4,'',0,7200,4,'',0,3200,4,'',0,7200,4,'',0,7200,4,'',0,3300,4,'',0,7200,4,'',0,3200,4,'',0,7200,4,'',0,3200,4,'',0,7200,4,'',0,3100,4,'',0,7200,4,'',0,3200,4,'',0,7200,4,'',0,3200,4,'',0,7200,4,'',0
'4749',900,71500,,'',0,1800,,'',0,1800,,'',0,5800,,'',0,1900,,'',0,1800,,'',0,5800,,'',0,1800,,'',0,1800,,'',0,7600,,'',0,3600,,'',0,7600,,'',0,7600,,'',0,3600,,'',0,7600,,'',0,3500,,'',0,7600,,'',0,7600,,'',0,3700,,'',0,7700,,'',0,3700,,'',0,7600,,'',0,7600,,'',0
'4749',901,71500,4,'',0,1800,4,'',0,1800,4,'',0,5800,4,'',0,1900,4,'',0,1800,4,'',0,5800,4,'',0,1800,4,'',0,1800,4,'',0,7600,4,'',0,3600,4,'',0,7600,4,'',0,7600,4,'',0,3600,4,'',0,7600,4,'',0,3500,4,'',0,7600,4,'',0,7600,4,'',0,3700,4,'',0,7700,4,'',0,3700,4,'',0,7600,4,'',0,7600,4,'',0
'4750',900,152100,,'',0,3700,,'',0,7700,,'',0,7600,,'',0,3700,,'',0,7600,,'',0,3200,,'',0,7300,,'',0
'4750',901,152100,4,'',0,3700,4,'',0,7700,4,'',0,7600,4,'',0,3700,4,'',0,7600,4,'',0,3200,4,'',0,7300,4,'',0
'4753',900,152100,,'',0,3700,,'',0,7700,,'',0,7600,,'',0,3700,,'',0,7600,,'',0,3200,,'',0,7300,,'',0,7200,,'',0,3200,,'',0,7200,,'',0,3200,,'',0
'4753',901,152100,4,'',0,3700,4,'',0,7700,4,'',0,7600,4,'',0,3700,4,'',0,7600,4,'',0,3200,4,'',0,7300,4,'',0,7200,4,'',0,3200,4,'',0,7200,4,'',0,3200,4,'',0
'4754',900,92200,,'',0,3200,,'',0,7200,,'',0,3200,,'',0,7200,,'',0,7200,,'',0,3300,,'',0,7200,,'',0,3200,,'',0,7200,,'',0,3200,,'',0,7200,,'',0,3100,,'',0,7200,,'',0,3200,,'',0,7200,,'',0,3200,,'',0,7200,,'',0
'4754',901,92200,4,'',0,3200,4,'',0,7200,4,'',0,3200,4,'',0,7200,4,'',0,7200,4,'',0,3300,4,'',0,7200,4,'',0,3200,4,'',0,7200,4,'',0,3200,4,'',0,7200,4,'',0,3100,4,'',0,7200,4,'',0,3200,4,'',0,7200,4,'',0,3200,4,'',0,7200,4,'',0
'4755',900,92200,,'',0,3200,,'',0,7200,,'',0,3200,,'',0,7200,,'',0,7200,,'',0,3300,,'',0,7200,,'',0,3200,,'',0,7200,,'',0,3200,,'',0,7200,,'',0,3100,,'',0,7200,,'',0,3200,,'',0,7200,,'',0,3200,,'',0,7200,,'',0
'4755',901,92200,4,'',0,3200,4,'',0,7200,4,'',0,3200,4,'',0,7200,4,'',0,7200,4,'',0,3300,4,'',0,7200,4,'',0,3200,4,'',0,7200,4,'',0,3200,4,'',0,7200,4,'',0,3100,4,'',0,7200,4,'',0,3200,4,'',0,7200,4,'',0,3200,4,'',0,7200,4,'',0
