'4654',600,90700,4,'',0,3500,4,'',0,7500,4,'',0,3500,4,'',0,7500,4,'',0,7500,4,'',0,3500,4,'',0,7500,4,'',0,3500,4,'',0,7600,4,'',0,3500,4,'',0,7400,4,'',0,7500,4,'',0,3500,4,'',0,8200,4,'',0,3500,4,'',0,7500,4,'',0,8400,4,'',0,2400,4,'',0,7600,4,'',0
'4654',601,84200,,'',0,7500,,'',0,3500,,'',0,7500,,'',0,7500,,'',0,3500,,'',0,7500,,'',0,3500,,'',0,7500,,'',0,3500,,'',0,7500,,'',0,7500,,'',0,3500,,'',0,7500,,'',0,4200,,'',0,7500,,'',0,7500,,'',0,4400,,'',0,6600,,'',0,3600,,'',0
'4748',600,90700,4,'',0,9800,4,'',0,12400,4,'',0,12400,4,'',0,16500,4,'',0,12400,4,'',0,16300,4,'',0,12300,4,'',0
'4748',601,84200,,'',0,9800,,'',0,16400,,'',0,12400,,'',0,12400,,'',0,16400,,'',0,12400,,'',0,16400,,'',0
'4749',600,75800,4,'',0,7500,4,'',0,7500,4,'',0,3500,4,'',0,7500,4,'',0,3500,4,'',0,7500,4,'',0,7700,4,'',0,3500,4,'',0,7400,4,'',0,22200,4,'',0,7500,4,'',0,3300,4,'',0
'4749',601,73200,,'',0,7500,,'',0,3500,,'',0,7500,,'',0,3500,,'',0,7500,,'',0,7500,,'',0,3500,,'',0,7500,,'',0,3500,,'',0,26000,,'',0,3500,,'',0,7500,,'',0
'4750',600,65500,4,'',0,7000,4,'',0,62400,4,'',0,7600,4,'',0,7500,4,'',0,22600,4,'',0,7500,4,'',0,3400,4,'',0,8300,4,'',0
'4750',601,62900,,'',0,3000,,'',0,66300,,'',0,3500,,'',0,7500,,'',0,22700,,'',0,7500,,'',0,7500,,'',0,4400,,'',0
'4753',600,65500,4,'',0,7000,4,'',0,62400,4,'',0,7600,4,'',0,7500,4,'',0,22600,4,'',0,7500,4,'',0,3400,4,'',0,8300,4,'',0,2800,4,'',0,7200,4,'',0
'4753',601,62900,,'',0,3000,,'',0,66300,,'',0,3500,,'',0,7500,,'',0,22700,,'',0,7500,,'',0,7500,,'',0,4400,,'',0,7000,,'',0,3200,,'',0
'4754',600,90700,4,'',0,9800,4,'',0,12400,4,'',0,12400,4,'',0,16500,4,'',0,12400,4,'',0,16300,4,'',0,12300,4,'',0
'4754',601,84200,,'',0,9800,,'',0,16400,,'',0,12400,,'',0,12400,,'',0,16400,,'',0,12400,,'',0,16400,,'',0
'4755',600,90700,4,'',0,9800,4,'',0,12400,4,'',0,12400,4,'',0,16500,4,'',0,12400,4,'',0,16300,4,'',0,12300,4,'',0
'4755',601,84200,,'',0,9800,,'',0,16400,,'',0,12400,,'',0,12400,,'',0,16400,,'',0,12400,,'',0,16400,,'',0
