'3240',300,93100,4,'',0,8200,4,'',0,4200,4,'',0,8200,4,'',0,8200,4,'',0,8200,4,'',0,4200,4,'',0,8200,4,'',0,8200,4,'',0,4200,4,'',0,8200,4,'',0,8200,4,'',0,4200,4,'',0,8200,4,'',0,8200,4,'',0
'3240',301,84500,,'',0,8200,,'',0,8200,,'',0,4200,,'',0,8200,,'',0,8200,,'',0,4200,,'',0,8200,,'',0,8200,,'',0,8200,,'',0,4200,,'',0,8200,,'',0,8200,,'',0,4200,,'',0,8200,,'',0
'3769',300,72900,4,'',0,8200,4,'',0,12000,4,'',0,88000,4,'',0,4000,4,'',0,8000,4,'',0,8000,4,'',0,4000,4,'',0,8000,4,'',0,8000,4,'',0
'3769',301,64300,,'',0,8200,,'',0,12000,,'',0,88000,,'',0,8000,,'',0,4000,,'',0,8000,,'',0,8000,,'',0,4000,,'',0,8000,,'',0
'3770',300,65100,4,'',0,20000,4,'',0,16000,4,'',0,4000,4,'',0,8000,4,'',0,8000,4,'',0,4000,4,'',0,8000,4,'',0,8000,4,'',0,4000,4,'',0,8000,4,'',0,8000,4,'',0,4000,4,'',0,8000,4,'',0
'3770',301,60500,,'',0,20000,,'',0,12000,,'',0,8000,,'',0,4000,,'',0,8000,,'',0,8000,,'',0,4000,,'',0,8000,,'',0,8000,,'',0,4000,,'',0,8000,,'',0,8000,,'',0,4000,,'',0
'3773',300,65100,4,'',0,20000,4,'',0,16000,4,'',0,4000,4,'',0,8000,4,'',0,8000,4,'',0,4000,4,'',0,8000,4,'',0,8000,4,'',0,4000,4,'',0,8000,4,'',0,8000,4,'',0,4000,4,'',0,8000,4,'',0
'3773',301,60500,,'',0,20000,,'',0,12000,,'',0,8000,,'',0,4000,,'',0,8000,,'',0,8000,,'',0,4000,,'',0,8000,,'',0,8000,,'',0,4000,,'',0,8000,,'',0,8000,,'',0,4000,,'',0
'3774',300,85100,4,'',0,8000,4,'',0,8000,4,'',0,4000,4,'',0,8000,4,'',0,8000,4,'',0,4000,4,'',0,8000,4,'',0,8000,4,'',0,4000,4,'',0,8000,4,'',0,8000,4,'',0,4000,4,'',0,8000,4,'',0,8000,4,'',0,4000,4,'',0,8000,4,'',0,8000,4,'',0,4000,4,'',0,8000,4,'',0,8000,4,'',0
'3774',301,80500,,'',0,4000,,'',0,8000,,'',0,8000,,'',0,4000,,'',0,8000,,'',0,8000,,'',0,4000,,'',0,8000,,'',0,8000,,'',0,4000,,'',0,8000,,'',0,8000,,'',0,4000,,'',0,8000,,'',0,8000,,'',0,4000,,'',0,8000,,'',0,8000,,'',0,4000,,'',0,8000,,'',0
'3775',300,93100,4,'',0,8200,4,'',0,4200,4,'',0,8200,4,'',0,8200,4,'',0,8200,4,'',0,4200,4,'',0,8200,4,'',0,8200,4,'',0,4200,4,'',0,8200,4,'',0,8200,4,'',0,4200,4,'',0,8200,4,'',0,8200,4,'',0
'3775',301,84500,,'',0,8200,,'',0,8200,,'',0,4200,,'',0,8200,,'',0,8200,,'',0,4200,,'',0,8200,,'',0,8200,,'',0,8200,,'',0,4200,,'',0,8200,,'',0,8200,,'',0,4200,,'',0,8200,,'',0
'3776',300,93100,4,'',0,8200,4,'',0,4200,4,'',0,8200,4,'',0,8200,4,'',0,8200,4,'',0,4200,4,'',0,8200,4,'',0,8200,4,'',0,4200,4,'',0,8200,4,'',0,8200,4,'',0,4200,4,'',0,8200,4,'',0,8200,4,'',0
'3776',301,84500,,'',0,8200,,'',0,8200,,'',0,4200,,'',0,8200,,'',0,8200,,'',0,4200,,'',0,8200,,'',0,8200,,'',0,8200,,'',0,4200,,'',0,8200,,'',0,8200,,'',0,4200,,'',0,8200,,'',0
'3240',501,85400,,'',0,6600,4,'',0,9300,,'',0,2600,4,'',0,9800,,'',0,6600,4,'',0,9800,,'',0,2600,4,'',0,9800,,'',0,2600,4,'',0,9800,,'',0,6600,4,'',0,9800,,'',0,2600,4,'',0,9800,,'',0,6600,4,'',0
'3769',501,61400,,'',0,2600,4,'',0,1400,,'',0,6600,4,'',0,9400,,'',0,2600,4,'',0,9400,,'',0,6600,4,'',0,65400,,'',0,6600,4,'',0,1400,,'',0,6600,4,'',0,1400,,'',0,2600,4,'',0,1400,,'',0,6600,4,'',0,1400,,'',0,6600,4,'',0,1400,,'',0,2600,4,'',0,1400,,'',0,6600,4,'',0,1400,,'',0,6600,4,'',0
'3770',501,73400,,'',0,6600,4,'',0,5400,,'',0,6600,4,'',0,9400,,'',0,2600,4,'',0,1400,,'',0,6600,4,'',0,1400,,'',0,6600,4,'',0,1400,,'',0,2600,4,'',0,1400,,'',0,6600,4,'',0,1400,,'',0,6600,4,'',0,1400,,'',0,2600,4,'',0,1400,,'',0,6600,4,'',0,1400,,'',0,6600,4,'',0,1400,,'',0,2600,4,'',0
'3773',501,73400,,'',0,6600,4,'',0,5400,,'',0,6600,4,'',0,9400,,'',0,2600,4,'',0,1400,,'',0,6600,4,'',0,1400,,'',0,6600,4,'',0,1400,,'',0,2600,4,'',0,1400,,'',0,6600,4,'',0,1400,,'',0,6600,4,'',0,1400,,'',0,2600,4,'',0,1400,,'',0,6600,4,'',0,1400,,'',0,6600,4,'',0,1400,,'',0,2600,4,'',0
'3774',501,81400,,'',0,2600,4,'',0,1400,,'',0,6600,4,'',0,1400,,'',0,6600,4,'',0,1400,,'',0,2600,4,'',0,1400,,'',0,6600,4,'',0,1400,,'',0,6600,4,'',0,1400,,'',0,2600,4,'',0,1400,,'',0,6600,4,'',0,1400,,'',0,6600,4,'',0,1400,,'',0,2600,4,'',0,1400,,'',0,6600,4,'',0,1400,,'',0,6600,4,'',0,1400,,'',0,2600,4,'',0,1400,,'',0,6600,4,'',0,1400,,'',0,6600,4,'',0,1400,,'',0,2600,4,'',0,1400,,'',0,6600,4,'',0,1400,,'',0,6600,4,'',0,1400,,'',0,2600,4,'',0,1400,,'',0,6600,4,'',0,1400,,'',0,6600,4,'',0
'3775',501,85400,,'',0,6600,4,'',0,9300,,'',0,2600,4,'',0,9800,,'',0,6600,4,'',0,9800,,'',0,2600,4,'',0,9800,,'',0,2600,4,'',0,9800,,'',0,6600,4,'',0,9800,,'',0,2600,4,'',0,9800,,'',0,6600,4,'',0
'3776',501,85400,,'',0,6600,4,'',0,9300,,'',0,2600,4,'',0,9800,,'',0,6600,4,'',0,9800,,'',0,2600,4,'',0,9800,,'',0,2600,4,'',0,9800,,'',0,6600,4,'',0,9800,,'',0,2600,4,'',0,9800,,'',0,6600,4,'',0
