1019,'4159',1156,,5,1,,,0,150,,2,1,,,0,110,,4,1,,,0,110,,3,1,,,0,110,,1,1,,,0
1019,'4616',828,,13,1,,,0,108,,15,1,,,0,110,,14,1,,,0,110,,12,1,,,0,150,,8,1,,,0,111,,11,1,,,0,110,,10,1,,,0,111,,9,1,,,0,120,,7,1,,,0,150,,6,1,,,0
1019,'4753',832,,23,1,,,0,105,,22,1,,,0,110,,21,1,,,0,110,,20,1,,,0,150,,19,1,,,0,110,,18,1,,,0,113,,17,1,,,0,108,,16,1,,,0
1019,'4754',1156,,28,1,,,0,150,,25,1,,,0,110,,27,1,,,0,110,,26,1,,,0,110,,24,1,,,0
1019,'4755',1156,,33,1,,,0,150,,30,1,,,0,110,,32,1,,,0,110,,31,1,,,0,110,,29,1,,,0
1019,'4880',648,,37,1,,,0,100,,34,1,,,0,1010,,36,1,,,0,149,,35,1,,,0
1019,'4881',832,,45,1,,,0,105,,44,1,,,0,110,,43,1,,,0,110,,42,1,,,0,150,,41,1,,,0,110,,40,1,,,0,113,,39,1,,,0,108,,38,1,,,0
1029,'4159',1156,,48,32,4,,0,150,,49,32,4,,0,110,,46,32,4,,0,110,,50,32,4,,0,110,,47,32,4,,0
1029,'4616',828,,51,32,4,,0,108,,52,32,4,,0,110,,53,32,4,,0,110,,54,32,4,,0,150,,55,32,4,,0,111,,56,32,4,,0,110,,57,32,4,,0,111,,58,32,4,,0,120,,59,32,4,,0,150,,60,32,4,,0
1029,'4753',832,,61,32,4,,0,105,,62,32,4,,0,110,,63,32,4,,0,110,,64,32,4,,0,150,,65,32,4,,0,110,,66,32,4,,0,113,,67,32,4,,0,108,,68,32,4,,0
1029,'4754',1156,,71,32,4,,0,150,,72,32,4,,0,110,,69,32,4,,0,110,,73,32,4,,0,110,,70,32,4,,0
1029,'4755',1156,,76,32,4,,0,150,,77,32,4,,0,110,,74,32,4,,0,110,,78,32,4,,0,110,,75,32,4,,0
1029,'4880',648,,79,32,4,,0,100,,80,32,4,,0,1010,,81,32,4,,0,149,,82,32,4,,0
1029,'4881',832,,83,32,4,,0,105,,84,32,4,,0,110,,85,32,4,,0,110,,86,32,4,,0,150,,87,32,4,,0,110,,88,32,4,,0,113,,89,32,4,,0,108,,90,32,4,,0
