701,'4159',824,,1572,31,,,0,221,,1571,31,,,0,261,,1574,31,,,0,220,,1575,31,,,0,219,,1573,31,,,0,110,,1576,31,,,0
701,'4616',824,,1577,31,,,0,110,,1578,31,,,0,110,,1579,31,,,0,109,,1580,31,,,0,151,,1581,31,,,0,108,,1582,31,,,0,112,,1583,31,,,0,110,,1584,31,,,0,120,,1585,31,,,0,149,,1586,31,,,0,119,,1587,31,,,0,120,,1588,31,,,0
701,'4753',713,,1589,31,,,0
701,'4754',824,,1591,31,,,0,221,,1590,31,,,0,261,,1593,31,,,0,220,,1594,31,,,0,219,,1592,31,,,0,110,,1595,31,,,0
701,'4755',824,,1597,31,,,0,221,,1596,31,,,0,261,,1599,31,,,0,220,,1600,31,,,0,219,,1598,31,,,0,110,,1601,31,,,0
701,'4880',833,,725,31,,,0,126,,724,31,,,0,79,,733,31,,,0,95,,727,31,,,0,174,,726,31,,,0,95,,735,31,,,0,41,,729,31,,,0,177,,728,31,,,0,135,,730,31,,,0,170,,731,31,,,0,96,,734,31,,,0,120,,732,31,,,0
701,'4881',713,,1602,31,,,0
801,'4159',932,,1606,24,,,0,220,,1605,24,,,0,260,,1604,24,,,0,220,,1603,24,,,0
801,'4616',858,,741,24,,,0,150,,742,24,,,0,110,,743,24,,,0,110,,744,24,,,0,111,,745,24,,,0,109,,746,24,,,0,109,,747,24,,,0,161,,1607,24,,,0,110,,1608,24,,,0,111,,1609,24,,,0,162,,1610,24,,,0
801,'4753',633,,1611,24,,,0,122,,1612,24,,,0
801,'4754',932,,1616,24,,,0,220,,1615,24,,,0,260,,1614,24,,,0,220,,1613,24,,,0
801,'4755',932,,1620,24,,,0,220,,1619,24,,,0,260,,1618,24,,,0,220,,1617,24,,,0
801,'4880',916,,768,24,,,0,89,,770,24,,,0,41,,771,24,,,0,174,,765,24,,,0,135,,764,24,,,0,176,,763,24,,,0,177,,762,24,,,0,133,,767,24,,,0,164,,766,24,,,0,96,,769,24,,,0
801,'4881',633,,1621,24,,,0,122,,1622,24,,,0
