501,'4159',856,,465,3,,,0,159,,466,3,,,0,124,,467,3,,,0,164,,468,3,,,0,125,,469,3,,,0,123,,470,3,,,0,164,,471,3,,,0,124,,472,3,,,0
501,'4616',816,,473,3,,,0,40,,474,3,,,0,80,,476,3,,,0,80,,475,3,,,0,40,,477,3,,,0,80,,478,3,,,0,80,,479,3,,,0,40,,480,3,,,0,80,,481,3,,,0,80,,482,3,,,0,40,,483,3,,,0,80,,484,3,,,0,80,,485,3,,,0,40,,486,3,,,0,80,,487,3,,,0,80,,488,3,,,0,40,,489,3,,,0,80,,491,3,,,0,80,,492,3,,,0,40,,490,3,,,0,80,,493,3,,,0
501,'4753',819,,498,3,,,0,135,,495,3,,,0,167,,494,3,,,0,130,,496,3,,,0,181,,497,3,,,0
501,'4754',856,,499,3,,,0,159,,500,3,,,0,124,,501,3,,,0,164,,502,3,,,0,125,,503,3,,,0,123,,504,3,,,0,164,,505,3,,,0,124,,506,3,,,0
501,'4755',856,,507,3,,,0,159,,508,3,,,0,124,,509,3,,,0,164,,510,3,,,0,125,,511,3,,,0,123,,512,3,,,0,164,,513,3,,,0,124,,514,3,,,0
501,'4880',612,,515,3,,,0,40,,516,3,,,0,81,,517,3,,,0,71,,518,3,,,0,31,,533,3,,,0,74,,519,3,,,0,128,,521,3,,,0,166,,520,3,,,0,138,,522,3,,,0,171,,524,3,,,0,39,,523,3,,,0,83,,525,3,,,0,84,,526,3,,,0,83,,528,3,,,0,43,,529,3,,,0,83,,527,3,,,0,83,,530,3,,,0,43,,532,3,,,0,83,,531,3,,,0
501,'4881',819,,538,3,,,0,135,,535,3,,,0,167,,534,3,,,0,130,,536,3,,,0,181,,537,3,,,0
601,'4159',845,,618,3,,,0,98,,619,3,,,0,164,,620,3,,,0,124,,617,3,,,0,124,,621,3,,,0,164,,622,3,,,0,124,,616,3,,,0,164,,623,3,,,0
601,'4616',844,,626,3,,,0,75,,624,3,,,0,35,,625,3,,,0,75,,628,3,,,0,75,,627,3,,,0,35,,629,3,,,0,75,,631,3,,,0,35,,630,3,,,0,75,,632,3,,,0,35,,633,3,,,0,75,,634,3,,,0,75,,635,3,,,0,35,,636,3,,,0,75,,637,3,,,0,82,,638,3,,,0,35,,639,3,,,0,75,,640,3,,,0,44,,641,3,,,0,66,,643,3,,,0,36,,642,3,,,0
601,'4753',631,,644,3,,,0,70,,645,3,,,0,623,,647,3,,,0,35,,648,3,,,0,75,,646,3,,,0,267,,649,3,,,0,35,,650,3,,,0,75,,651,3,,,0,44,,652,3,,,0,70,,653,3,,,0,32,,654,3,,,0
601,'4754',845,,657,3,,,0,98,,658,3,,,0,164,,659,3,,,0,124,,656,3,,,0,124,,660,3,,,0,164,,661,3,,,0,124,,655,3,,,0,164,,662,3,,,0
601,'4755',845,,665,3,,,0,98,,666,3,,,0,164,,667,3,,,0,124,,664,3,,,0,124,,668,3,,,0,164,,669,3,,,0,124,,663,3,,,0,164,,670,3,,,0
601,'4880',734,,671,3,,,0,75,,672,3,,,0,35,,673,3,,,0,75,,674,3,,,0,35,,676,3,,,0,75,,677,3,,,0,75,,678,3,,,0,35,,675,3,,,0,75,,679,3,,,0,35,,680,3,,,0,261,,681,3,,,0,35,,682,3,,,0,74,,683,3,,,0
601,'4881',631,,684,3,,,0,70,,685,3,,,0,623,,687,3,,,0,35,,688,3,,,0,75,,686,3,,,0,267,,689,3,,,0,35,,690,3,,,0,75,,691,3,,,0,44,,692,3,,,0
