201,144000,1,0,0
201,144049,2,0,0
201,144050,3,0,0
201,144052,4,0,0
201,144054,5,0,0
201,144055,6,0,0
201,144056,7,0,0
201,144057,8,0,0
201,144058,9,0,0
201,144059,10,0,0
201,144060,11,0,0
201,144323,12,0,0
201,144169,13,0,0
201,144171,14,0,0
201,144300,15,0,0
201,144303,16,0,0
201,144097,17,0,0
201,144298,18,0,0
201,144100,19,0,0
201,144068,20,0,0
201,144069,21,0,0
300,144094,1,0,0
300,144300,2,0,0
300,144306,3,0,0
300,144305,4,0,0
300,144309,5,0,0
300,144065,6,0,0
300,144066,7,0,0
300,144102,8,0,0
300,144103,9,0,0
300,144104,10,0,0
300,144106,11,0,0
300,144107,12,0,0
300,144108,13,0,0
300,144109,14,0,0
300,144110,15,0,0
300,144040,16,0,0
300,144304,17,0,0
300,144111,18,0,0
300,144276,19,1,1
301,144276,1,0,0
301,144039,2,0,0
301,144040,3,0,0
301,144304,4,0,0
301,144074,5,0,0
301,144076,6,0,0
301,144077,7,0,0
301,144079,8,0,0
301,144081,9,0,0
301,144082,10,0,0
301,144083,11,0,0
301,144084,12,0,0
301,144087,13,0,0
301,144319,14,0,0
301,144089,15,0,0
301,144092,16,0,0
301,144093,17,0,0
301,144094,18,1,1
400,144275,1,0,0
400,144264,2,0,0
400,144112,3,0,0
400,144113,4,0,0
400,144355,5,0,0
400,144116,6,0,0
400,144118,7,0,0
400,144328,8,0,0
400,144120,9,0,0
400,144121,10,0,0
400,144122,11,0,0
400,144123,12,0,0
400,144332,13,0,0
400,144124,14,0,0
400,144126,15,0,0
400,144127,16,0,0
400,144128,17,0,0
400,144130,18,0,0
400,144131,19,0,0
400,144133,20,0,0
400,144134,21,0,0
400,144135,22,0,0
400,144333,23,0,0
501,144276,1,0,0
501,144283,2,0,0
501,144278,3,0,0
501,144136,4,0,0
501,144137,5,0,0
501,144139,6,0,0
501,144140,7,0,0
501,144141,8,0,0
501,144142,9,0,0
501,144143,10,0,0
501,144144,11,0,0
501,144146,12,0,0
501,144147,13,0,0
501,144148,14,0,0
501,144149,15,0,0
501,144151,16,0,0
501,144046,17,0,0
501,144154,18,0,0
501,144155,19,0,0
501,144156,20,0,0
501,144157,21,0,0
501,144158,22,0,0
501,144159,23,0,0
501,144161,24,0,0
501,144349,25,0,0
501,144259,26,0,0
501,144163,27,0,0
501,144177,28,0,0
501,144164,29,0,0
501,144272,30,0,0
600,144170,1,0,0
600,144173,2,0,0
600,144174,3,0,0
600,144175,4,0,0
600,144176,5,0,0
600,144177,6,0,0
600,144164,7,0,0
600,144272,8,0,0
600,144037,9,1,1
601,144037,1,0,0
601,144283,2,0,0
601,144278,3,0,0
601,144136,4,0,0
601,144165,5,0,0
601,144167,6,0,0
601,144168,7,0,0
601,144170,8,1,1
701,144038,1,0,0
701,144039,2,0,0
701,144178,3,0,0
701,144179,4,0,0
701,144279,5,0,0
701,144180,6,0,0
701,144181,7,0,0
701,144183,8,0,0
701,144184,9,0,0
701,144186,10,0,0
701,144353,11,0,0
701,144187,12,0,0
701,144189,13,0,0
701,144310,14,0,0
701,144311,15,0,0
701,144312,16,0,0
701,144313,17,0,0
701,144250,18,0,0
701,144199,19,0,0
701,144354,20,0,0
701,144351,21,0,0
701,144202,22,0,0
701,144203,23,0,0
701,144204,24,0,0
701,144206,25,0,0
701,144207,26,0,0
701,144208,27,0,0
701,144209,28,0,0
701,144210,29,0,0
701,144211,30,0,0
701,144301,31,0,0
701,144212,32,0,0
701,144213,33,0,0
701,144214,34,0,0
701,144352,35,0,0
701,144216,36,0,0
701,144217,37,0,0
701,144218,38,0,0
701,144219,39,0,0
701,144220,40,0,0
701,144221,41,0,0
701,144222,42,0,0
701,144223,43,0,0
701,144224,44,0,0
701,144111,45,0,0
801,144038,1,0,0
801,144039,2,0,0
801,144074,3,0,0
801,144248,4,0,0
801,144249,5,0,0
801,144193,6,0,0
801,144196,7,0,0
801,144190,8,0,0
801,144191,9,0,0
801,144251,10,0,0
801,144252,11,0,0
801,144253,12,0,0
801,144324,13,0,0
801,144254,14,0,0
801,144255,15,0,0
801,144256,16,0,0
801,144257,17,0,0
801,144258,18,0,0
801,144207,19,0,0
801,144208,20,0,0
801,144209,21,0,0
801,144210,22,0,0
801,144211,23,0,0
801,144301,24,0,0
801,144212,25,0,0
801,144213,26,0,0
801,144214,27,0,0
801,144352,28,0,0
801,144216,29,0,0
801,144217,30,0,0
801,144218,31,0,0
801,144219,32,0,0
801,144220,33,0,0
801,144221,34,0,0
801,144222,35,0,0
801,144223,36,0,0
801,144224,37,0,0
801,144111,38,0,0
900,144094,1,0,0
900,144095,2,0,0
900,144096,3,0,0
900,144062,4,0,0
900,144064,5,0,0
900,144297,6,0,0
900,144309,7,0,0
900,144065,8,0,0
900,144066,9,0,0
900,144307,10,0,0
900,144327,11,0,0
900,144071,12,0,0
900,144269,13,0,0
900,144072,14,0,0
900,144073,15,0,0
900,144277,16,1,1
901,144277,1,0,0
901,144347,2,0,0
901,144282,3,0,0
901,144325,4,0,0
901,144326,5,0,0
901,106017,6,0,0
901,144084,7,0,0
901,144087,8,0,0
901,144318,9,0,0
901,144320,10,0,0
901,144308,11,0,0
901,144093,12,0,0
901,144094,13,1,1
1019,144030,1,0,0
1019,144031,2,0,0
1019,144033,3,0,0
1019,144034,4,0,0
1019,144035,5,0,0
1019,144275,6,1,1
1029,144275,1,0,0
1029,144002,2,0,0
1029,144003,3,0,0
1029,144004,4,0,0
1029,144005,5,0,0
1029,144008,6,0,0
1029,144009,7,0,0
1029,144010,8,0,0
1029,144331,9,0,0
1029,144011,10,0,0
1029,144012,11,0,0
1029,144013,12,0,0
1029,144014,13,0,0
1029,144015,14,0,0
1029,144016,15,0,0
1029,144017,16,0,0
1029,144018,17,0,0
1029,144019,18,0,0
1029,144020,19,0,0
1029,144261,20,0,0
1029,144021,21,0,0
1029,144022,22,0,0
1029,144023,23,0,0
1029,144024,24,0,0
1029,144260,25,0,0
1029,144263,26,0,0
1029,144026,27,0,0
1029,144027,28,0,0
1029,144341,29,0,0
1029,144342,30,0,0
1029,144029,31,0,0
1029,144030,32,1,1
6000,144274,1,0,0
6000,144347,2,0,0
6000,144282,3,0,0
6000,144045,4,0,0
6000,144325,5,0,0
6000,144326,6,0,0
6000,106017,7,0,0
6000,144084,8,0,0
6000,144087,9,0,0
6000,144320,10,0,0
6000,144287,11,0,0
6000,144290,12,0,0
6000,544004,13,0,0
6000,144348,14,0,0
6000,544001,15,0,0
6000,144335,16,0,0
6000,144337,17,0,0
6000,144228,18,0,0
6000,144336,19,0,0
6000,144315,20,0,0
6000,144229,21,0,0
6000,144230,22,0,0
6000,159106,23,1,1
6001,159106,1,0,0
6001,144334,2,0,0
6001,144293,3,0,0
6001,144292,4,0,0
6001,144229,5,0,0
6001,144237,6,0,0
6001,144340,7,0,0
6001,144339,8,0,0
6001,144239,9,0,0
6001,144240,10,0,0
6001,144241,11,0,0
6001,144270,12,0,0
6001,144242,13,0,0
6001,144243,14,0,0
6001,144244,15,0,0
6001,144245,16,0,0
6001,144227,17,0,0
6001,544005,18,0,0
6001,144226,19,0,0
6001,144225,20,0,0
6001,144286,21,0,0
6001,144323,22,0,0
6001,144062,23,0,0
6001,144064,24,0,0
6001,144297,25,0,0
6001,144065,26,0,0
6001,144066,27,0,0
6001,144307,28,0,0
6001,144327,29,0,0
6001,144346,30,0,0
6001,144274,31,1,1
6100,144000,1,0,0
6100,144002,2,0,0
6100,144316,3,0,0
6100,102692,4,0,0
6100,544008,5,0,0
6100,144246,6,0,0
6100,144247,7,0,0
6100,144266,8,1,1
6101,144266,1,0,0
6101,544009,2,0,0
6101,144281,3,0,0
6101,544007,4,0,0
6101,102689,5,0,0
6101,144317,6,0,0
6101,144035,7,0,0
6101,144000,8,1,1
9000,140104,1,0,0
9000,140159,2,0,0
9000,140249,3,0,0
9000,140251,4,0,0
9000,104916,5,0,0
9000,103680,6,0,0
9000,103569,7,0,0
9000,103604,8,0,0
9000,103610,9,0,0
9000,103654,10,0,0
9000,144329,11,0,0
9000,144322,12,0,0
9000,144168,13,0,0
9000,144170,14,0,0
9000,144274,15,1,1
9001,144274,1,0,0
9001,144168,2,0,0
9001,144170,3,0,0
9001,144321,4,0,0
9001,144330,5,0,0
9001,103655,6,0,0
9001,140238,7,0,0
9001,140250,8,0,0
9001,140248,9,0,0
9001,140160,10,0,0
9001,140104,11,1,1
