601,'4159',852,,1504,7,,,0,98,,1505,7,,,0,164,,1506,7,,,0,124,,1503,7,,,0,164,,1507,7,,,0,124,,1508,7,,,0,124,,1502,7,,,0,164,,1509,7,,,0
601,'4616',852,,1511,7,,,0,75,,624,7,,,0,75,,1510,7,,,0,35,,628,7,,,0,75,,1512,7,,,0,35,,629,7,,,0,75,,1513,7,,,0,35,,630,7,,,0,75,,1514,7,,,0,75,,633,7,,,0,35,,1515,7,,,0,75,,635,7,,,0,35,,1516,7,,,0,75,,637,7,,,0,82,,1517,7,,,0,35,,639,7,,,0,75,,1518,7,,,0,84,,1519,7,,,0,25,,1521,7,,,0,76,,1520,7,,,0
601,'4753',639,,1522,7,,,0,70,,1523,7,,,0,624,,1525,7,,,0,75,,1526,7,,,0,35,,1524,7,,,0,267,,1527,7,,,0,35,,1528,7,,,0,74,,1529,7,,,0,84,,1530,7,,,0,29,,1531,7,,,0,72,,1532,7,,,0
601,'4754',852,,1535,7,,,0,98,,1536,7,,,0,164,,1537,7,,,0,124,,1534,7,,,0,164,,1538,7,,,0,124,,1539,7,,,0,124,,1533,7,,,0,164,,1540,7,,,0
601,'4755',852,,1543,7,,,0,98,,1544,7,,,0,164,,1545,7,,,0,124,,1542,7,,,0,164,,1546,7,,,0,124,,1547,7,,,0,124,,1541,7,,,0,164,,1548,7,,,0
601,'4880',742,,1549,7,,,0,75,,1550,7,,,0,35,,1551,7,,,0,75,,1552,7,,,0,75,,1554,7,,,0,35,,1555,7,,,0,75,,1556,7,,,0,36,,1553,7,,,0,75,,1557,7,,,0,35,,1558,7,,,0,261,,1559,7,,,0,35,,1560,7,,,0,74,,1561,7,,,0
601,'4881',639,,1562,7,,,0,70,,1563,7,,,0,624,,1565,7,,,0,75,,1566,7,,,0,35,,1564,7,,,0,267,,1567,7,,,0,35,,1568,7,,,0,74,,1569,7,,,0,84,,1570,7,,,0
9000,'4159',1043,,1046,13,,,0,200,,1050,13,,,0,200,,1047,13,,,0,200,,1048,13,,,0,200,,1049,13,,,0
9000,'4616',943,,1051,13,,,0,100,,1055,13,,,0,100,,1052,13,,,0,100,,1056,13,,,0,400,,1054,13,,,0,100,,1057,13,,,0,100,,1053,13,,,0,100,,1058,13,,,0
9000,'4754',1043,,1059,13,,,0,200,,1063,13,,,0,200,,1060,13,,,0,200,,1061,13,,,0,200,,1062,13,,,0
9000,'4880',843,,1065,13,,,0,100,,1064,13,,,0,100,,1066,13,,,0,200,,1067,13,,,0,100,,1068,13,,,0,100,,1069,13,,,0,200,,1070,13,,,0,100,,1071,13,,,0,100,,1072,13,,,0,200,,1073,13,,,0
9001,'4159',906,,1074,2,,,0,200,,1076,2,,,0,200,,1075,2,,,0,200,,1077,2,,,0,200,,1078,2,,,0
9001,'4616',806,,1079,2,,,0,100,,1083,2,,,0,100,,1080,2,,,0,100,,1084,2,,,0,400,,1082,2,,,0,100,,1085,2,,,0,100,,1081,2,,,0,100,,1086,2,,,0
9001,'4754',906,,1087,2,,,0,200,,1089,2,,,0,200,,1088,2,,,0,200,,1090,2,,,0,200,,1091,2,,,0
9001,'4880',706,,1093,2,,,0,100,,1092,2,,,0,100,,1094,2,,,0,200,,1095,2,,,0,100,,1096,2,,,0,100,,1097,2,,,0,200,,1098,2,,,0,100,,1099,2,,,0,100,,1100,2,,,0,200,,1101,2,,,0
