701,'4159',828,,1572,36,,,0,221,,1571,36,,,0,262,,1574,36,,,0,219,,1575,36,,,0,219,,1573,36,,,0,110,,1576,36,,,0
701,'4616',828,,1577,36,,,0,110,,1578,36,,,0,110,,1579,36,,,0,109,,1580,36,,,0,151,,1581,36,,,0,108,,1582,36,,,0,112,,1583,36,,,0,110,,1584,36,,,0,120,,1585,36,,,0,149,,1586,36,,,0,119,,1587,36,,,0,120,,1588,36,,,0
701,'4753',717,,1589,36,,,0
701,'4754',828,,1591,36,,,0,221,,1590,36,,,0,262,,1593,36,,,0,219,,1594,36,,,0,219,,1592,36,,,0,110,,1595,36,,,0
701,'4755',828,,1597,36,,,0,221,,1596,36,,,0,262,,1599,36,,,0,219,,1600,36,,,0,219,,1598,36,,,0,110,,1601,36,,,0
701,'4880',837,,725,36,,,0,166,,724,36,,,0,39,,733,36,,,0,95,,727,36,,,0,175,,726,36,,,0,95,,735,36,,,0,41,,729,36,,,0,177,,728,36,,,0,134,,730,36,,,0,170,,731,36,,,0,96,,734,36,,,0,120,,732,36,,,0
701,'4881',717,,1602,36,,,0
801,'4159',936,,1606,29,,,0,220,,1605,29,,,0,260,,1604,29,,,0,220,,1603,29,,,0
801,'4616',902,,741,29,,,0,110,,742,29,,,0,110,,743,29,,,0,110,,744,29,,,0,111,,745,29,,,0,109,,746,29,,,0,149,,747,29,,,0,121,,1607,29,,,0,110,,1608,29,,,0,111,,1609,29,,,0,162,,1610,29,,,0
801,'4753',637,,1611,29,,,0,164,,1612,29,,,0
801,'4754',936,,1616,29,,,0,220,,1615,29,,,0,260,,1614,29,,,0,220,,1613,29,,,0
801,'4755',936,,1620,29,,,0,220,,1619,29,,,0,260,,1618,29,,,0,220,,1617,29,,,0
801,'4880',920,,768,29,,,0,90,,770,29,,,0,41,,771,29,,,0,174,,765,29,,,0,175,,764,29,,,0,136,,763,29,,,0,177,,762,29,,,0,132,,767,29,,,0,164,,766,29,,,0,96,,769,29,,,0
801,'4881',637,,1621,29,,,0,164,,1622,29,,,0
