701,'4159',830,,1572,38,,,0,222,,1571,38,,,0,262,,1574,38,,,0,219,,1575,38,,,0,219,,1573,38,,,0,149,,1576,38,,,0
701,'4616',831,,1577,38,,,0,110,,1578,38,,,0,110,,1579,38,,,0,149,,1580,38,,,0,111,,1581,38,,,0,108,,1582,38,,,0,112,,1583,38,,,0,110,,1584,38,,,0,160,,1585,38,,,0,109,,1586,38,,,0,119,,1587,38,,,0,120,,1588,38,,,0
701,'4753',720,,1589,38,,,0
701,'4754',830,,1591,38,,,0,222,,1590,38,,,0,262,,1593,38,,,0,219,,1594,38,,,0,219,,1592,38,,,0,149,,1595,38,,,0
701,'4755',830,,1597,38,,,0,222,,1596,38,,,0,262,,1599,38,,,0,219,,1600,38,,,0,219,,1598,38,,,0,149,,1601,38,,,0
701,'4880',840,,725,38,,,0,166,,724,38,,,0,39,,733,38,,,0,96,,727,38,,,0,175,,726,38,,,0,95,,735,38,,,0,41,,729,38,,,0,176,,728,38,,,0,174,,730,38,,,0,130,,731,38,,,0,95,,734,38,,,0,120,,732,38,,,0
701,'4881',720,,1602,38,,,0
801,'4159',939,,1606,31,,,0,220,,1605,31,,,0,260,,1604,31,,,0,220,,1603,31,,,0
801,'4616',905,,741,31,,,0,110,,742,31,,,0,110,,743,31,,,0,110,,744,31,,,0,111,,745,31,,,0,109,,746,31,,,0,149,,747,31,,,0,121,,1607,31,,,0,110,,1608,31,,,0,111,,1609,31,,,0,162,,1610,31,,,0
801,'4753',640,,1611,31,,,0,164,,1612,31,,,0
801,'4754',939,,1616,31,,,0,220,,1615,31,,,0,260,,1614,31,,,0,220,,1613,31,,,0
801,'4755',939,,1620,31,,,0,220,,1619,31,,,0,260,,1618,31,,,0,220,,1617,31,,,0
801,'4880',923,,768,31,,,0,90,,770,31,,,0,42,,771,31,,,0,174,,765,31,,,0,174,,764,31,,,0,136,,763,31,,,0,177,,762,31,,,0,132,,767,31,,,0,163,,766,31,,,0,96,,769,31,,,0
801,'4881',640,,1621,31,,,0,164,,1622,31,,,0
