701,'4159',834,,1572,44,,,0,222,,1571,44,,,0,262,,1574,44,,,0,219,,1575,44,,,0,219,,1573,44,,,0,148,,1576,44,,,0
701,'4616',835,,1577,44,,,0,110,,1578,44,,,0,110,,1579,44,,,0,149,,1580,44,,,0,111,,1581,44,,,0,108,,1582,44,,,0,112,,1583,44,,,0,110,,1584,44,,,0,160,,1585,44,,,0,109,,1586,44,,,0,119,,1587,44,,,0,120,,1588,44,,,0
701,'4753',724,,1589,44,,,0
701,'4754',834,,1591,44,,,0,222,,1590,44,,,0,262,,1593,44,,,0,219,,1594,44,,,0,219,,1592,44,,,0,148,,1595,44,,,0
701,'4755',834,,1597,44,,,0,222,,1596,44,,,0,262,,1599,44,,,0,219,,1600,44,,,0,219,,1598,44,,,0,148,,1601,44,,,0
701,'4880',845,,725,44,,,0,165,,724,44,,,0,40,,733,44,,,0,97,,727,44,,,0,175,,726,44,,,0,95,,735,44,,,0,40,,729,44,,,0,176,,728,44,,,0,173,,730,44,,,0,130,,731,44,,,0,95,,734,44,,,0,119,,732,44,,,0
701,'4881',724,,1602,44,,,0
801,'4159',943,,1606,37,,,0,260,,1605,37,,,0,220,,1604,37,,,0,220,,1603,37,,,0
801,'4616',909,,741,37,,,0,110,,742,37,,,0,110,,743,37,,,0,110,,744,37,,,0,111,,745,37,,,0,109,,746,37,,,0,149,,747,37,,,0,121,,1607,37,,,0,110,,1608,37,,,0,111,,1609,37,,,0,162,,1610,37,,,0
801,'4753',644,,1611,37,,,0,164,,1612,37,,,0
801,'4754',943,,1616,37,,,0,260,,1615,37,,,0,220,,1614,37,,,0,220,,1613,37,,,0
801,'4755',943,,1620,37,,,0,260,,1619,37,,,0,220,,1618,37,,,0,220,,1617,37,,,0
801,'4880',927,,768,37,,,0,90,,770,37,,,0,83,,771,37,,,0,134,,765,37,,,0,174,,764,37,,,0,136,,763,37,,,0,176,,762,37,,,0,132,,767,37,,,0,163,,766,37,,,0,96,,769,37,,,0
801,'4881',644,,1621,37,,,0,164,,1622,37,,,0
