600,'4159',907,,546,9,4,,0,98,,542,9,4,,0,124,,545,9,4,,0,124,,544,9,4,,0,165,,543,9,4,,0,124,,541,9,4,,0,163,,540,9,4,,0,123,,539,9,4,,0
600,'4616',907,,561,9,4,,0,35,,559,9,4,,0,75,,566,9,4,,0,35,,564,9,4,,0,75,,565,9,4,,0,75,,563,9,4,,0,35,,562,9,4,,0,75,,560,9,4,,0,35,,558,9,4,,0,76,,557,9,4,,0,35,,556,9,4,,0,74,,553,9,4,,0,75,,555,9,4,,0,35,,554,9,4,,0,82,,552,9,4,,0,35,,551,9,4,,0,75,,550,9,4,,0,84,,549,9,4,,0,24,,548,9,4,,0,76,,547,9,4,,0
600,'4753',655,,577,9,4,,0,70,,576,9,4,,0,624,,575,9,4,,0,76,,574,9,4,,0,75,,573,9,4,,0,226,,572,9,4,,0,75,,571,9,4,,0,34,,569,9,4,,0,83,,570,9,4,,0,28,,568,9,4,,0,72,,567,9,4,,0
600,'4754',907,,585,9,4,,0,98,,581,9,4,,0,124,,584,9,4,,0,124,,583,9,4,,0,165,,582,9,4,,0,124,,580,9,4,,0,163,,579,9,4,,0,123,,578,9,4,,0
600,'4755',907,,593,9,4,,0,98,,589,9,4,,0,124,,592,9,4,,0,124,,591,9,4,,0,165,,590,9,4,,0,124,,588,9,4,,0,163,,587,9,4,,0,123,,586,9,4,,0
600,'4880',758,,606,9,4,,0,75,,604,9,4,,0,75,,603,9,4,,0,35,,601,9,4,,0,75,,605,9,4,,0,35,,602,9,4,,0,75,,600,9,4,,0,77,,599,9,4,,0,35,,598,9,4,,0,74,,597,9,4,,0,222,,596,9,4,,0,75,,595,9,4,,0,33,,594,9,4,,0
600,'4881',655,,615,9,4,,0,70,,614,9,4,,0,624,,613,9,4,,0,76,,612,9,4,,0,75,,611,9,4,,0,226,,610,9,4,,0,75,,609,9,4,,0,34,,607,9,4,,0,83,,608,9,4,,0
601,'4159',842,,618,1,,,0,98,,619,1,,,0,164,,620,1,,,0,124,,617,1,,,0,124,,621,1,,,0,164,,622,1,,,0,124,,616,1,,,0,164,,623,1,,,0
601,'4616',842,,626,1,,,0,75,,624,1,,,0,35,,625,1,,,0,75,,628,1,,,0,75,,627,1,,,0,35,,629,1,,,0,75,,631,1,,,0,35,,630,1,,,0,75,,632,1,,,0,35,,633,1,,,0,75,,634,1,,,0,75,,635,1,,,0,35,,636,1,,,0,75,,637,1,,,0,42,,638,1,,,0,75,,639,1,,,0,75,,640,1,,,0,44,,641,1,,,0,66,,643,1,,,0,36,,642,1,,,0
601,'4753',629,,644,1,,,0,30,,645,1,,,0,663,,647,1,,,0,35,,648,1,,,0,75,,646,1,,,0,227,,649,1,,,0,75,,650,1,,,0,75,,651,1,,,0,44,,652,1,,,0,70,,653,1,,,0,32,,654,1,,,0
601,'4754',842,,657,1,,,0,98,,658,1,,,0,164,,659,1,,,0,124,,656,1,,,0,124,,660,1,,,0,164,,661,1,,,0,124,,655,1,,,0,164,,662,1,,,0
601,'4755',842,,665,1,,,0,98,,666,1,,,0,164,,667,1,,,0,124,,664,1,,,0,124,,668,1,,,0,164,,669,1,,,0,124,,663,1,,,0,164,,670,1,,,0
601,'4880',732,,671,1,,,0,75,,672,1,,,0,35,,673,1,,,0,75,,674,1,,,0,35,,676,1,,,0,75,,677,1,,,0,75,,678,1,,,0,35,,675,1,,,0,75,,679,1,,,0,35,,680,1,,,0,260,,681,1,,,0,35,,682,1,,,0,75,,683,1,,,0
601,'4881',629,,684,1,,,0,30,,685,1,,,0,663,,687,1,,,0,35,,688,1,,,0,75,,686,1,,,0,227,,689,1,,,0,75,,690,1,,,0,75,,691,1,,,0,44,,692,1,,,0
