501,'4159',916,,465,29,,,0,120,,466,29,,,0,164,,467,29,,,0,124,,468,29,,,0,127,,469,29,,,0,161,,470,29,,,0,124,,471,29,,,0,123,,472,29,,,0
501,'4616',837,,473,29,,,0,80,,474,29,,,0,40,,476,29,,,0,80,,475,29,,,0,80,,477,29,,,0,40,,478,29,,,0,80,,479,29,,,0,80,,480,29,,,0,40,,481,29,,,0,80,,482,29,,,0,80,,483,29,,,0,40,,484,29,,,0,80,,485,29,,,0,80,,486,29,,,0,40,,487,29,,,0,80,,488,29,,,0,80,,489,29,,,0,40,,491,29,,,0,80,,492,29,,,0,80,,490,29,,,0,40,,493,29,,,0
501,'4753',841,,498,29,,,0,176,,495,29,,,0,126,,494,29,,,0,170,,496,29,,,0,144,,497,29,,,0
501,'4754',916,,499,29,,,0,120,,500,29,,,0,164,,501,29,,,0,124,,502,29,,,0,127,,503,29,,,0,161,,504,29,,,0,124,,505,29,,,0,123,,506,29,,,0
501,'4755',916,,507,29,,,0,120,,508,29,,,0,164,,509,29,,,0,124,,510,29,,,0,127,,511,29,,,0,161,,512,29,,,0,124,,513,29,,,0,123,,514,29,,,0
501,'4880',633,,515,29,,,0,80,,516,29,,,0,42,,517,29,,,0,71,,518,29,,,0,31,,533,29,,,0,74,,519,29,,,0,128,,521,29,,,0,167,,520,29,,,0,177,,522,29,,,0,135,,524,29,,,0,75,,523,29,,,0,43,,525,29,,,0,83,,526,29,,,0,83,,528,29,,,0,82,,529,29,,,0,43,,527,29,,,0,83,,530,29,,,0,83,,532,29,,,0,43,,531,29,,,0
501,'4881',841,,538,29,,,0,176,,535,29,,,0,126,,534,29,,,0,170,,536,29,,,0,144,,537,29,,,0
600,'4159',903,,546,7,,,0,98,,542,7,,,0,124,,545,7,,,0,124,,544,7,,,0,165,,543,7,,,0,124,,541,7,,,0,163,,540,7,,,0,124,,539,7,,,0
600,'4616',903,,561,7,,,0,35,,559,7,,,0,75,,566,7,,,0,35,,564,7,,,0,75,,565,7,,,0,35,,563,7,,,0,75,,562,7,,,0,75,,560,7,,,0,35,,558,7,,,0,76,,557,7,,,0,35,,556,7,,,0,74,,553,7,,,0,75,,555,7,,,0,35,,554,7,,,0,82,,552,7,,,0,35,,551,7,,,0,75,,550,7,,,0,84,,549,7,,,0,25,,548,7,,,0,76,,547,7,,,0
600,'4753',651,,577,7,,,0,70,,576,7,,,0,624,,575,7,,,0,75,,574,7,,,0,35,,573,7,,,0,267,,572,7,,,0,35,,571,7,,,0,74,,569,7,,,0,83,,570,7,,,0,29,,568,7,,,0,72,,567,7,,,0
600,'4754',903,,585,7,,,0,98,,581,7,,,0,124,,584,7,,,0,124,,583,7,,,0,165,,582,7,,,0,124,,580,7,,,0,163,,579,7,,,0,124,,578,7,,,0
600,'4755',903,,593,7,,,0,98,,589,7,,,0,124,,592,7,,,0,124,,591,7,,,0,165,,590,7,,,0,124,,588,7,,,0,163,,587,7,,,0,124,,586,7,,,0
600,'4880',754,,606,7,,,0,75,,604,7,,,0,75,,603,7,,,0,35,,601,7,,,0,75,,605,7,,,0,35,,602,7,,,0,75,,600,7,,,0,76,,599,7,,,0,35,,598,7,,,0,75,,597,7,,,0,221,,596,7,,,0,75,,595,7,,,0,34,,594,7,,,0
600,'4881',651,,615,7,,,0,70,,614,7,,,0,624,,613,7,,,0,75,,612,7,,,0,35,,611,7,,,0,267,,610,7,,,0,35,,609,7,,,0,74,,607,7,,,0,83,,608,7,,,0
