701,'4159',822,,694,28,,,0,221,,693,28,,,0,261,,696,28,,,0,220,,697,28,,,0,219,,695,28,,,0,110,,698,28,,,0
701,'4616',823,,699,28,,,0,110,,700,28,,,0,110,,701,28,,,0,109,,702,28,,,0,151,,703,28,,,0,108,,704,28,,,0,112,,705,28,,,0,110,,706,28,,,0,120,,707,28,,,0,149,,708,28,,,0,119,,709,28,,,0,120,,710,28,,,0
701,'4753',711,,711,28,,,0
701,'4754',822,,713,28,,,0,221,,712,28,,,0,261,,715,28,,,0,220,,716,28,,,0,219,,714,28,,,0,110,,717,28,,,0
701,'4755',822,,719,28,,,0,221,,718,28,,,0,261,,721,28,,,0,220,,722,28,,,0,219,,720,28,,,0,110,,723,28,,,0
701,'4880',831,,725,28,,,0,126,,724,28,,,0,79,,733,28,,,0,95,,727,28,,,0,174,,726,28,,,0,95,,735,28,,,0,41,,729,28,,,0,177,,728,28,,,0,136,,730,28,,,0,170,,731,28,,,0,96,,734,28,,,0,120,,732,28,,,0
701,'4881',711,,736,28,,,0
801,'4159',930,,740,21,,,0,220,,739,21,,,0,260,,738,21,,,0,220,,737,21,,,0
801,'4616',857,,741,21,,,0,150,,742,21,,,0,110,,743,21,,,0,110,,744,21,,,0,111,,745,21,,,0,109,,746,21,,,0,109,,747,21,,,0,161,,748,21,,,0,110,,749,21,,,0,111,,750,21,,,0,162,,751,21,,,0
801,'4753',631,,752,21,,,0,122,,753,21,,,0
801,'4754',930,,757,21,,,0,220,,756,21,,,0,260,,755,21,,,0,220,,754,21,,,0
801,'4755',930,,761,21,,,0,220,,760,21,,,0,260,,759,21,,,0,220,,758,21,,,0
801,'4880',914,,768,21,,,0,89,,770,21,,,0,41,,771,21,,,0,174,,765,21,,,0,135,,764,21,,,0,176,,763,21,,,0,177,,762,21,,,0,133,,767,21,,,0,164,,766,21,,,0,56,,769,21,,,0
801,'4881',631,,772,21,,,0,122,,773,21,,,0
