301,'4159',900,,316,12,,,0,42,,317,12,,,0,82,,318,12,,,0,82,,319,12,,,0,42,,320,12,,,0,82,,321,12,,,0,82,,313,12,,,0,42,,314,12,,,0,82,,315,12,,,0,81,,311,12,,,0,42,,312,12,,,0,82,,307,12,,,0,82,,310,12,,,0,82,,308,12,,,0,42,,309,12,,,0
301,'4616',819,,322,12,,,0,40,,327,12,,,0,80,,323,12,,,0,80,,325,12,,,0,40,,324,12,,,0,80,,326,12,,,0,80,,329,12,,,0,40,,328,12,,,0,80,,330,12,,,0,80,,331,12,,,0,40,,332,12,,,0,80,,333,12,,,0,80,,334,12,,,0,40,,335,12,,,0,80,,336,12,,,0,80,,337,12,,,0,39,,338,12,,,0,80,,339,12,,,0,79,,340,12,,,0,40,,341,12,,,0,80,,342,12,,,0
301,'4753',905,,347,12,,,0,135,,346,12,,,0,166,,345,12,,,0,322,,344,12,,,0,100,,343,12,,,0
301,'4754',900,,357,12,,,0,42,,358,12,,,0,82,,359,12,,,0,82,,360,12,,,0,42,,361,12,,,0,82,,362,12,,,0,82,,354,12,,,0,42,,355,12,,,0,82,,356,12,,,0,81,,352,12,,,0,42,,353,12,,,0,82,,348,12,,,0,82,,351,12,,,0,82,,349,12,,,0,42,,350,12,,,0
301,'4755',900,,372,12,,,0,42,,373,12,,,0,82,,374,12,,,0,82,,375,12,,,0,42,,376,12,,,0,82,,377,12,,,0,82,,369,12,,,0,42,,370,12,,,0,82,,371,12,,,0,81,,367,12,,,0,42,,368,12,,,0,82,,363,12,,,0,82,,366,12,,,0,82,,364,12,,,0,42,,365,12,,,0
301,'4880',616,,378,12,,,0,40,,380,12,,,0,78,,391,12,,,0,91,,392,12,,,0,105,,398,12,,,0,25,,393,12,,,0,167,,390,12,,,0,127,,389,12,,,0,89,,388,12,,,0,65,,397,12,,,0,25,,387,12,,,0,30,,396,12,,,0,100,,394,12,,,0,100,,386,12,,,0,69,,395,12,,,0,78,,385,12,,,0,39,,384,12,,,0,80,,383,12,,,0,82,,382,12,,,0,45,,381,12,,,0,85,,379,12,,,0
301,'4881',905,,403,12,,,0,135,,402,12,,,0,166,,401,12,,,0,322,,400,12,,,0,100,,399,12,,,0
901,'4159',913,,908,7,,,0,32,,910,7,,,0,72,,911,7,,,0,32,,897,7,,,0,72,,898,7,,,0,32,,899,7,,,0,73,,900,7,,,0,32,,896,7,,,0,72,,901,7,,,0,72,,902,7,,,0,32,,903,7,,,0,72,,904,7,,,0,32,,905,7,,,0,72,,906,7,,,0,32,,907,7,,,0,72,,912,7,,,0,32,,909,7,,,0,72,,913,7,,,0
901,'4616',842,,914,7,,,0,72,,917,7,,,0,32,,918,7,,,0,72,,915,7,,,0,32,,916,7,,,0,72,,919,7,,,0,32,,920,7,,,0,72,,921,7,,,0,32,,922,7,,,0,72,,923,7,,,0,72,,924,7,,,0,32,,925,7,,,0,72,,926,7,,,0,32,,927,7,,,0,72,,928,7,,,0,32,,929,7,,,0,72,,930,7,,,0,32,,931,7,,,0,72,,932,7,,,0,32,,933,7,,,0,72,,934,7,,,0,32,,936,7,,,0,72,,937,7,,,0,32,,938,7,,,0,72,,935,7,,,0
901,'4753',1511,,950,7,,,0,37,,949,7,,,0,77,,944,7,,,0,77,,943,7,,,0,37,,942,7,,,0,76,,941,7,,,0,32,,940,7,,,0,73,,939,7,,,0,33,,945,7,,,0,72,,946,7,,,0,32,,947,7,,,0,72,,948,7,,,0
901,'4754',913,,963,7,,,0,32,,965,7,,,0,72,,966,7,,,0,32,,952,7,,,0,72,,953,7,,,0,32,,954,7,,,0,73,,955,7,,,0,32,,951,7,,,0,72,,956,7,,,0,72,,957,7,,,0,32,,958,7,,,0,72,,959,7,,,0,32,,960,7,,,0,72,,961,7,,,0,32,,962,7,,,0,72,,967,7,,,0,32,,964,7,,,0,72,,968,7,,,0
901,'4755',913,,981,7,,,0,32,,983,7,,,0,72,,984,7,,,0,32,,970,7,,,0,72,,971,7,,,0,32,,972,7,,,0,73,,973,7,,,0,32,,969,7,,,0,72,,974,7,,,0,72,,975,7,,,0,32,,976,7,,,0,72,,977,7,,,0,32,,978,7,,,0,72,,979,7,,,0,32,,980,7,,,0,72,,985,7,,,0,32,,982,7,,,0,72,,986,7,,,0
901,'4880',707,,987,7,,,0,18,,998,7,,,0,18,,996,7,,,0,58,,1002,7,,,0,18,,997,7,,,0,18,,999,7,,,0,18,,995,7,,,0,58,,1000,7,,,0,18,,1009,7,,,0,75,,1008,7,,,0,36,,992,7,,,0,76,,994,7,,,0,36,,1003,7,,,0,76,,993,7,,,0,76,,991,7,,,0,35,,1004,7,,,0,76,,1005,7,,,0,36,,1007,7,,,0,77,,988,7,,,0,77,,990,7,,,0,37,,989,7,,,0,77,,1001,7,,,0,36,,1006,7,,,0
901,'4881',1511,,1017,7,,,0,37,,1016,7,,,0,77,,1015,7,,,0,77,,1014,7,,,0,37,,1013,7,,,0,76,,1012,7,,,0,32,,1011,7,,,0,73,,1010,7,,,0
6000,'4616',942,,1019,7,0,5 6,0,168,,1018,7,0,5 6,0,227,,1020,7,0,5 6,0,175,,1021,7,0,5 6,0
6000,'4880',751,,1024,6,,,0,262,,1023,6,0,5 6,0,309,,1025,6,,,0,223,,1022,6,,,0,257,,1026,6,,,0
