501,'4159',918,,465,30,,,0,120,,466,30,,,0,164,,467,30,,,0,124,,468,30,,,0,126,,469,30,,,0,161,,470,30,,,0,124,,471,30,,,0,163,,472,30,,,0
501,'4616',839,,1406,30,,,0,80,,1407,30,,,0,40,,1409,30,,,0,80,,1408,30,,,0,80,,1410,30,,,0,40,,1411,30,,,0,80,,1412,30,,,0,80,,1413,30,,,0,40,,1414,30,,,0,80,,1415,30,,,0,80,,483,30,,,0,40,,1416,30,,,0,80,,485,30,,,0,80,,486,30,,,0,40,,1417,30,,,0,80,,488,30,,,0,80,,489,30,,,0,40,,491,30,,,0,80,,492,30,,,0,80,,1418,30,,,0,40,,493,30,,,0
501,'4753',842,,1423,30,,,0,176,,1420,30,,,0,126,,1419,30,,,0,170,,1421,30,,,0,145,,1422,30,,,0
501,'4754',918,,499,30,,,0,120,,500,30,,,0,164,,501,30,,,0,124,,502,30,,,0,126,,503,30,,,0,161,,504,30,,,0,124,,505,30,,,0,163,,506,30,,,0
501,'4755',918,,1424,30,,,0,120,,1425,30,,,0,164,,1426,30,,,0,124,,510,30,,,0,126,,511,30,,,0,161,,512,30,,,0,124,,513,30,,,0,163,,514,30,,,0
501,'4880',634,,515,30,,,0,80,,516,30,,,0,42,,517,30,,,0,71,,518,30,,,0,31,,533,30,,,0,74,,519,30,,,0,168,,521,30,,,0,127,,520,30,,,0,177,,522,30,,,0,136,,524,30,,,0,75,,523,30,,,0,42,,525,30,,,0,83,,526,30,,,0,83,,528,30,,,0,82,,529,30,,,0,43,,527,30,,,0,83,,530,30,,,0,83,,1427,30,,,0,43,,531,30,,,0
501,'4881',842,,1432,30,,,0,176,,1429,30,,,0,126,,1428,30,,,0,170,,1430,30,,,0,145,,1431,30,,,0
600,'4159',905,,1440,8,,,0,98,,1436,8,,,0,124,,1439,8,,,0,124,,1438,8,,,0,164,,1437,8,,,0,124,,1435,8,,,0,164,,1434,8,,,0,123,,1433,8,,,0
600,'4616',905,,1449,8,,,0,35,,559,8,,,0,75,,1452,8,,,0,35,,564,8,,,0,75,,1451,8,,,0,75,,563,8,,,0,35,,1450,8,,,0,75,,560,8,,,0,35,,1448,8,,,0,75,,557,8,,,0,35,,1447,8,,,0,75,,553,8,,,0,75,,1446,8,,,0,35,,554,8,,,0,82,,1445,8,,,0,35,,551,8,,,0,75,,1444,8,,,0,84,,1443,8,,,0,24,,1442,8,,,0,76,,1441,8,,,0
600,'4753',652,,1463,8,,,0,70,,1462,8,,,0,624,,1461,8,,,0,76,,1460,8,,,0,35,,1459,8,,,0,266,,1458,8,,,0,35,,1457,8,,,0,74,,1455,8,,,0,84,,1456,8,,,0,28,,1454,8,,,0,72,,1453,8,,,0
600,'4754',905,,1471,8,,,0,98,,1467,8,,,0,124,,1470,8,,,0,124,,1469,8,,,0,164,,1468,8,,,0,124,,1466,8,,,0,164,,1465,8,,,0,123,,1464,8,,,0
600,'4755',905,,1479,8,,,0,98,,1475,8,,,0,124,,1478,8,,,0,124,,1477,8,,,0,164,,1476,8,,,0,124,,1474,8,,,0,164,,1473,8,,,0,123,,1472,8,,,0
600,'4880',755,,1492,8,,,0,75,,1490,8,,,0,75,,1489,8,,,0,35,,1487,8,,,0,75,,1491,8,,,0,35,,1488,8,,,0,75,,1486,8,,,0,77,,1485,8,,,0,35,,1484,8,,,0,74,,1483,8,,,0,222,,1482,8,,,0,75,,1481,8,,,0,33,,1480,8,,,0
600,'4881',652,,1501,8,,,0,70,,1500,8,,,0,624,,1499,8,,,0,76,,1498,8,,,0,35,,1497,8,,,0,266,,1496,8,,,0,35,,1495,8,,,0,74,,1493,8,,,0,84,,1494,8,,,0
