501,'4159',915,,465,28,,,0,120,,466,28,,,0,124,,467,28,,,0,164,,468,28,,,0,127,,469,28,,,0,161,,470,28,,,0,124,,471,28,,,0,123,,472,28,,,0
501,'4616',837,,1406,28,,,0,80,,1407,28,,,0,40,,1409,28,,,0,80,,1408,28,,,0,80,,1410,28,,,0,40,,1411,28,,,0,80,,1412,28,,,0,80,,1413,28,,,0,40,,1414,28,,,0,80,,1415,28,,,0,80,,483,28,,,0,40,,1416,28,,,0,80,,485,28,,,0,80,,486,28,,,0,40,,1417,28,,,0,80,,488,28,,,0,80,,489,28,,,0,40,,491,28,,,0,80,,492,28,,,0,80,,1418,28,,,0,40,,493,28,,,0
501,'4753',840,,1423,28,,,0,176,,1420,28,,,0,126,,1419,28,,,0,170,,1421,28,,,0,144,,1422,28,,,0
501,'4754',915,,499,28,,,0,120,,500,28,,,0,124,,501,28,,,0,164,,502,28,,,0,127,,503,28,,,0,161,,504,28,,,0,124,,505,28,,,0,123,,506,28,,,0
501,'4755',915,,1424,28,,,0,120,,1425,28,,,0,124,,1426,28,,,0,164,,510,28,,,0,127,,511,28,,,0,161,,512,28,,,0,124,,513,28,,,0,123,,514,28,,,0
501,'4880',632,,515,28,,,0,80,,516,28,,,0,42,,517,28,,,0,71,,518,28,,,0,31,,533,28,,,0,74,,519,28,,,0,128,,521,28,,,0,167,,520,28,,,0,177,,522,28,,,0,135,,524,28,,,0,75,,523,28,,,0,43,,525,28,,,0,83,,526,28,,,0,83,,528,28,,,0,82,,529,28,,,0,43,,527,28,,,0,83,,530,28,,,0,83,,1427,28,,,0,43,,531,28,,,0
501,'4881',840,,1432,28,,,0,176,,1429,28,,,0,126,,1428,28,,,0,170,,1430,28,,,0,144,,1431,28,,,0
600,'4159',902,,1440,6,,,0,98,,1436,6,,,0,124,,1439,6,,,0,124,,1438,6,,,0,165,,1437,6,,,0,124,,1435,6,,,0,163,,1434,6,,,0,124,,1433,6,,,0
600,'4616',902,,1449,6,,,0,35,,559,6,,,0,75,,1452,6,,,0,35,,564,6,,,0,75,,1451,6,,,0,35,,563,6,,,0,75,,1450,6,,,0,75,,560,6,,,0,35,,1448,6,,,0,76,,557,6,,,0,35,,1447,6,,,0,74,,553,6,,,0,75,,1446,6,,,0,35,,554,6,,,0,82,,1445,6,,,0,35,,551,6,,,0,75,,1444,6,,,0,84,,1443,6,,,0,25,,1442,6,,,0,76,,1441,6,,,0
600,'4753',650,,1463,6,,,0,70,,1462,6,,,0,624,,1461,6,,,0,75,,1460,6,,,0,35,,1459,6,,,0,267,,1458,6,,,0,35,,1457,6,,,0,74,,1455,6,,,0,83,,1456,6,,,0,29,,1454,6,,,0,72,,1453,6,,,0
600,'4754',902,,1471,6,,,0,98,,1467,6,,,0,124,,1470,6,,,0,124,,1469,6,,,0,165,,1468,6,,,0,124,,1466,6,,,0,163,,1465,6,,,0,124,,1464,6,,,0
600,'4755',902,,1479,6,,,0,98,,1475,6,,,0,124,,1478,6,,,0,124,,1477,6,,,0,165,,1476,6,,,0,124,,1474,6,,,0,163,,1473,6,,,0,124,,1472,6,,,0
600,'4880',753,,1492,6,,,0,75,,1490,6,,,0,75,,1489,6,,,0,35,,1487,6,,,0,75,,1491,6,,,0,35,,1488,6,,,0,75,,1486,6,,,0,36,,1485,6,,,0,75,,1484,6,,,0,75,,1483,6,,,0,221,,1482,6,,,0,75,,1481,6,,,0,34,,1480,6,,,0
600,'4881',650,,1501,6,,,0,70,,1500,6,,,0,624,,1499,6,,,0,75,,1498,6,,,0,35,,1497,6,,,0,267,,1496,6,,,0,35,,1495,6,,,0,74,,1493,6,,,0,83,,1494,6,,,0
