600,'4159',855,,546,1,,,0,98,,542,1,,,0,164,,545,1,,,0,124,,544,1,,,0,164,,543,1,,,0,124,,541,1,,,0,124,,540,1,,,0,164,,539,1,,,0
600,'4616',855,,561,1,,,0,75,,559,1,,,0,75,,566,1,,,0,35,,564,1,,,0,75,,565,1,,,0,35,,563,1,,,0,75,,562,1,,,0,75,,560,1,,,0,35,,558,1,,,0,75,,557,1,,,0,35,,556,1,,,0,75,,553,1,,,0,35,,555,1,,,0,75,,554,1,,,0,82,,552,1,,,0,35,,551,1,,,0,75,,550,1,,,0,84,,549,1,,,0,25,,548,1,,,0,76,,547,1,,,0
600,'4753',642,,577,1,,,0,70,,576,1,,,0,624,,575,1,,,0,75,,574,1,,,0,35,,573,1,,,0,267,,572,1,,,0,35,,571,1,,,0,74,,569,1,,,0,84,,570,1,,,0,29,,568,1,,,0,72,,567,1,,,0
600,'4754',855,,585,1,,,0,98,,581,1,,,0,164,,584,1,,,0,124,,583,1,,,0,164,,582,1,,,0,124,,580,1,,,0,124,,579,1,,,0,164,,578,1,,,0
600,'4755',855,,593,1,,,0,98,,589,1,,,0,164,,592,1,,,0,124,,591,1,,,0,164,,590,1,,,0,124,,588,1,,,0,124,,587,1,,,0,164,,586,1,,,0
600,'4880',745,,606,1,,,0,75,,604,1,,,0,35,,603,1,,,0,75,,601,1,,,0,75,,605,1,,,0,35,,602,1,,,0,75,,600,1,,,0,36,,599,1,,,0,75,,598,1,,,0,75,,597,1,,,0,221,,596,1,,,0,35,,595,1,,,0,74,,594,1,,,0
600,'4881',642,,615,1,,,0,70,,614,1,,,0,624,,613,1,,,0,75,,612,1,,,0,35,,611,1,,,0,267,,610,1,,,0,35,,609,1,,,0,74,,607,1,,,0,84,,608,1,,,0
601,'4159',853,,618,8,4,,0,98,,619,8,4,,0,164,,620,8,4,,0,124,,617,8,4,,0,164,,621,8,4,,0,124,,622,8,4,,0,124,,616,8,4,,0,164,,623,8,4,,0
601,'4616',853,,626,8,4,,0,75,,624,8,4,,0,75,,625,8,4,,0,35,,628,8,4,,0,75,,627,8,4,,0,35,,629,8,4,,0,75,,631,8,4,,0,35,,630,8,4,,0,75,,632,8,4,,0,75,,633,8,4,,0,35,,634,8,4,,0,75,,635,8,4,,0,35,,636,8,4,,0,75,,637,8,4,,0,82,,638,8,4,,0,35,,639,8,4,,0,75,,640,8,4,,0,84,,641,8,4,,0,25,,643,8,4,,0,76,,642,8,4,,0
601,'4753',640,,644,8,4,,0,70,,645,8,4,,0,624,,647,8,4,,0,75,,648,8,4,,0,35,,646,8,4,,0,267,,649,8,4,,0,35,,650,8,4,,0,74,,651,8,4,,0,84,,652,8,4,,0,29,,653,8,4,,0,72,,654,8,4,,0
601,'4754',853,,657,8,4,,0,98,,658,8,4,,0,164,,659,8,4,,0,124,,656,8,4,,0,164,,660,8,4,,0,124,,661,8,4,,0,124,,655,8,4,,0,164,,662,8,4,,0
601,'4755',853,,665,8,4,,0,98,,666,8,4,,0,164,,667,8,4,,0,124,,664,8,4,,0,164,,668,8,4,,0,124,,669,8,4,,0,124,,663,8,4,,0,164,,670,8,4,,0
601,'4880',743,,671,8,4,,0,75,,672,8,4,,0,35,,673,8,4,,0,75,,674,8,4,,0,75,,676,8,4,,0,35,,677,8,4,,0,75,,678,8,4,,0,36,,675,8,4,,0,75,,679,8,4,,0,35,,680,8,4,,0,261,,681,8,4,,0,35,,682,8,4,,0,74,,683,8,4,,0
601,'4881',640,,684,8,4,,0,70,,685,8,4,,0,624,,687,8,4,,0,75,,688,8,4,,0,35,,686,8,4,,0,267,,689,8,4,,0,35,,690,8,4,,0,74,,691,8,4,,0,84,,692,8,4,,0
9000,'4159',1043,,1046,14,,,0,200,,1050,14,,,0,200,,1047,14,,,0,200,,1048,14,,,0,200,,1049,14,,,0
9000,'4616',943,,1051,14,,,0,100,,1055,14,,,0,100,,1052,14,,,0,100,,1056,14,,,0,400,,1054,14,,,0,100,,1057,14,,,0,100,,1053,14,,,0,100,,1058,14,,,0
9000,'4754',1043,,1059,14,,,0,200,,1063,14,,,0,200,,1060,14,,,0,200,,1061,14,,,0,200,,1062,14,,,0
9000,'4880',843,,1065,14,,,0,100,,1064,14,,,0,100,,1066,14,,,0,200,,1067,14,,,0,100,,1068,14,,,0,100,,1069,14,,,0,200,,1070,14,,,0,100,,1071,14,,,0,100,,1072,14,,,0,200,,1073,14,,,0
9001,'4159',907,,1074,3,,,0,200,,1076,3,,,0,200,,1075,3,,,0,200,,1077,3,,,0,200,,1078,3,,,0
9001,'4616',807,,1079,3,,,0,100,,1083,3,,,0,100,,1080,3,,,0,100,,1084,3,,,0,400,,1082,3,,,0,100,,1085,3,,,0,100,,1081,3,,,0,100,,1086,3,,,0
9001,'4754',907,,1087,3,,,0,200,,1089,3,,,0,200,,1088,3,,,0,200,,1090,3,,,0,200,,1091,3,,,0
9001,'4880',707,,1093,3,,,0,100,,1092,3,,,0,100,,1094,3,,,0,200,,1095,3,,,0,100,,1096,3,,,0,100,,1097,3,,,0,200,,1098,3,,,0,100,,1099,3,,,0,100,,1100,3,,,0,200,,1101,3,,,0
