300,'4159',925,,210,18,,,0,82,,224,18,,,0,42,,223,18,,,0,83,,222,18,,,0,82,,221,18,,,0,42,,214,18,,,0,82,,220,18,,,0,82,,219,18,,,0,82,,218,18,,,0,41,,217,18,,,0,83,,216,18,,,0,82,,215,18,,,0,42,,213,18,,,0,81,,212,18,,,0,82,,211,18,,,0
300,'4616',845,,225,18,,,0,80,,237,18,,,0,80,,242,18,,,0,40,,244,18,,,0,81,,245,18,,,0,80,,243,18,,,0,41,,241,18,,,0,80,,240,18,,,0,81,,239,18,,,0,40,,238,18,,,0,80,,236,18,,,0,80,,235,18,,,0,40,,231,18,,,0,80,,234,18,,,0,79,,233,18,,,0,40,,232,18,,,0,79,,230,18,,,0,79,,229,18,,,0,38,,228,18,,,0,79,,227,18,,,0,80,,226,18,,,0
300,'4753',932,,246,18,,,0,176,,248,18,,,0,127,,249,18,,,0,323,,247,18,,,0,100,,250,18,,,0
300,'4754',925,,251,18,,,0,82,,265,18,,,0,42,,264,18,,,0,83,,263,18,,,0,82,,262,18,,,0,42,,255,18,,,0,82,,261,18,,,0,82,,260,18,,,0,82,,259,18,,,0,41,,258,18,,,0,83,,257,18,,,0,82,,256,18,,,0,42,,254,18,,,0,81,,253,18,,,0,82,,252,18,,,0
300,'4755',925,,266,18,,,0,82,,280,18,,,0,42,,279,18,,,0,83,,278,18,,,0,82,,277,18,,,0,42,,270,18,,,0,82,,276,18,,,0,82,,275,18,,,0,82,,274,18,,,0,41,,273,18,,,0,83,,272,18,,,0,82,,271,18,,,0,42,,269,18,,,0,81,,268,18,,,0,82,,267,18,,,0
300,'4880',642,,293,18,,,0,80,,292,18,,,0,79,,290,18,,,0,51,,288,18,,,0,105,,301,18,,,0,66,,294,18,,,0,127,,296,18,,,0,168,,282,18,,,0,90,,295,18,,,0,25,,300,18,,,0,26,,281,18,,,0,70,,299,18,,,0,99,,291,18,,,0,100,,289,18,,,0,26,,298,18,,,0,78,,297,18,,,0,79,,287,18,,,0,39,,285,18,,,0,82,,284,18,,,0,85,,286,18,,,0,84,,283,18,,,0
300,'4881',932,,302,18,,,0,176,,304,18,,,0,127,,305,18,,,0,323,,303,18,,,0,100,,306,18,,,0
701,'4159',835,,694,45,,,0,222,,693,45,,,0,262,,696,45,,,0,219,,697,45,,,0,219,,695,45,,,0,148,,698,45,,,0
701,'4616',836,,699,45,,,0,110,,700,45,,,0,110,,701,45,,,0,149,,702,45,,,0,111,,703,45,,,0,108,,704,45,,,0,112,,705,45,,,0,110,,706,45,,,0,160,,707,45,,,0,109,,708,45,,,0,119,,709,45,,,0,120,,710,45,,,0
701,'4753',725,,711,45,,,0
701,'4754',835,,713,45,,,0,222,,712,45,,,0,262,,715,45,,,0,219,,716,45,,,0,219,,714,45,,,0,148,,717,45,,,0
701,'4755',835,,719,45,,,0,222,,718,45,,,0,262,,721,45,,,0,219,,722,45,,,0,219,,720,45,,,0,148,,723,45,,,0
701,'4880',846,,725,45,,,0,166,,724,45,,,0,39,,733,45,,,0,98,,727,45,,,0,175,,726,45,,,0,95,,735,45,,,0,40,,729,45,,,0,175,,728,45,,,0,174,,730,45,,,0,129,,731,45,,,0,95,,734,45,,,0,119,,732,45,,,0
701,'4881',725,,736,45,,,0
801,'4159',944,,740,38,,,0,260,,739,38,,,0,220,,738,38,,,0,220,,737,38,,,0
801,'4616',910,,741,38,,,0,110,,742,38,,,0,110,,743,38,,,0,110,,744,38,,,0,111,,745,38,,,0,149,,746,38,,,0,109,,747,38,,,0,121,,748,38,,,0,110,,749,38,,,0,111,,750,38,,,0,162,,751,38,,,0
801,'4753',645,,752,38,,,0,165,,753,38,,,0
801,'4754',944,,757,38,,,0,260,,756,38,,,0,220,,755,38,,,0,220,,754,38,,,0
801,'4755',944,,761,38,,,0,260,,760,38,,,0,220,,759,38,,,0,220,,758,38,,,0
801,'4880',929,,768,38,,,0,90,,770,38,,,0,82,,771,38,,,0,134,,765,38,,,0,174,,764,38,,,0,136,,763,38,,,0,177,,762,38,,,0,132,,767,38,,,0,162,,766,38,,,0,96,,769,38,,,0
801,'4881',645,,772,38,,,0,165,,773,38,,,0
