701,'4159',833,,694,42,,,0,221,,693,42,,,0,262,,696,42,,,0,219,,697,42,,,0,219,,695,42,,,0,149,,698,42,,,0
701,'4616',833,,699,42,,,0,110,,700,42,,,0,110,,701,42,,,0,149,,702,42,,,0,111,,703,42,,,0,108,,704,42,,,0,112,,705,42,,,0,110,,706,42,,,0,160,,707,42,,,0,109,,708,42,,,0,119,,709,42,,,0,120,,710,42,,,0
701,'4753',722,,711,42,,,0
701,'4754',833,,713,42,,,0,221,,712,42,,,0,262,,715,42,,,0,219,,716,42,,,0,219,,714,42,,,0,149,,717,42,,,0
701,'4755',833,,719,42,,,0,221,,718,42,,,0,262,,721,42,,,0,219,,722,42,,,0,219,,720,42,,,0,149,,723,42,,,0
701,'4880',844,,725,42,,,0,165,,724,42,,,0,40,,733,42,,,0,96,,727,42,,,0,175,,726,42,,,0,95,,735,42,,,0,41,,729,42,,,0,176,,728,42,,,0,173,,730,42,,,0,129,,731,42,,,0,96,,734,42,,,0,119,,732,42,,,0
701,'4881',722,,736,42,,,0
801,'4159',941,,740,35,,,0,260,,739,35,,,0,220,,738,35,,,0,220,,737,35,,,0
801,'4616',907,,741,35,,,0,110,,742,35,,,0,110,,743,35,,,0,110,,744,35,,,0,111,,745,35,,,0,109,,746,35,,,0,149,,747,35,,,0,121,,748,35,,,0,110,,749,35,,,0,111,,750,35,,,0,162,,751,35,,,0
801,'4753',642,,752,35,,,0,165,,753,35,,,0
801,'4754',941,,757,35,,,0,260,,756,35,,,0,220,,755,35,,,0,220,,754,35,,,0
801,'4755',941,,761,35,,,0,260,,760,35,,,0,220,,759,35,,,0,220,,758,35,,,0
801,'4880',926,,768,35,,,0,90,,770,35,,,0,42,,771,35,,,0,174,,765,35,,,0,175,,764,35,,,0,136,,763,35,,,0,176,,762,35,,,0,132,,767,35,,,0,163,,766,35,,,0,96,,769,35,,,0
801,'4881',642,,772,35,,,0,165,,773,35,,,0
