701,'4159',831,,1572,40,,,0,222,,1571,40,,,0,262,,1574,40,,,0,219,,1575,40,,,0,219,,1573,40,,,0,149,,1576,40,,,0
701,'4616',832,,1577,40,,,0,110,,1578,40,,,0,110,,1579,40,,,0,149,,1580,40,,,0,111,,1581,40,,,0,108,,1582,40,,,0,112,,1583,40,,,0,110,,1584,40,,,0,160,,1585,40,,,0,109,,1586,40,,,0,119,,1587,40,,,0,120,,1588,40,,,0
701,'4753',721,,1589,40,,,0
701,'4754',831,,1591,40,,,0,222,,1590,40,,,0,262,,1593,40,,,0,219,,1594,40,,,0,219,,1592,40,,,0,149,,1595,40,,,0
701,'4755',831,,1597,40,,,0,222,,1596,40,,,0,262,,1599,40,,,0,219,,1600,40,,,0,219,,1598,40,,,0,149,,1601,40,,,0
701,'4880',842,,725,40,,,0,165,,724,40,,,0,40,,733,40,,,0,96,,727,40,,,0,175,,726,40,,,0,95,,735,40,,,0,40,,729,40,,,0,177,,728,40,,,0,173,,730,40,,,0,130,,731,40,,,0,95,,734,40,,,0,120,,732,40,,,0
701,'4881',721,,1602,40,,,0
801,'4159',940,,1606,33,,,0,260,,1605,33,,,0,220,,1604,33,,,0,220,,1603,33,,,0
801,'4616',906,,741,33,,,0,110,,742,33,,,0,110,,743,33,,,0,110,,744,33,,,0,111,,745,33,,,0,109,,746,33,,,0,149,,747,33,,,0,121,,1607,33,,,0,110,,1608,33,,,0,111,,1609,33,,,0,162,,1610,33,,,0
801,'4753',641,,1611,33,,,0,164,,1612,33,,,0
801,'4754',940,,1616,33,,,0,260,,1615,33,,,0,220,,1614,33,,,0,220,,1613,33,,,0
801,'4755',940,,1620,33,,,0,260,,1619,33,,,0,220,,1618,33,,,0,220,,1617,33,,,0
801,'4880',924,,768,33,,,0,90,,770,33,,,0,42,,771,33,,,0,174,,765,33,,,0,175,,764,33,,,0,136,,763,33,,,0,176,,762,33,,,0,132,,767,33,,,0,163,,766,33,,,0,96,,769,33,,,0
801,'4881',641,,1621,33,,,0,164,,1622,33,,,0
