2100,'4159',918,,1746,22,,,0,100,,1748,22,,,0,101,,1747,22,,,0,100,,1749,22,,,0,100,,1744,22,,,0,99,,1743,22,,,0,100,,1745,22,,,0,100,,1750,22,,,0,98,,1751,22,,,0
2100,'4616',815,,1752,22,,,0,103,,1753,22,,,0,102,,1754,22,,,0,103,,1755,22,,,0,103,,1756,22,,,0,102,,1757,22,,,0,100,,1758,22,,,0,101,,1759,22,,,0,100,,1760,22,,,0,99,,1761,22,,,0,100,,1762,22,,,0,100,,1763,22,,,0
2100,'4753',716,,1764,22,,,0,105,,1765,22,,,0,103,,1766,22,,,0,104,,1767,22,,,0,105,,1768,22,,,0,106,,1769,22,,,0,105,,1770,22,,,0,105,,1771,22,,,0,106,,1772,22,,,0,104,,1773,22,,,0,141,,1774,22,,,0,58,,1775,22,,,0,100,,1776,22,,,0,100,,1777,22,,,0
2100,'4881',716,,1778,22,,,0,105,,1779,22,,,0,103,,1780,22,,,0,104,,1781,22,,,0,105,,1782,22,,,0,106,,1783,22,,,0,105,,1784,22,,,0,105,,1785,22,,,0,106,,1786,22,,,0,104,,1787,22,,,0,141,,1788,22,,,0,58,,1789,22,,,0,100,,1790,22,,,0
2200,'4159',954,,1795,49,,,0,100,,1796,49,,,0,100,,1797,49,,,0,100,,1793,49,,,0,100,,1794,49,,,0,100,,1792,49,,,0,99,,1791,49,,,0,99,,1798,49,,,0,100,,1799,49,,,0
2200,'4616',933,,1800,49,,,0,100,,1801,49,,,0,100,,1802,49,,,0,102,,1803,49,,,0,102,,1804,49,,,0,102,,1805,49,,,0,100,,1806,49,,,0,100,,1807,49,,,0,100,,1808,49,,,0,100,,1809,49,,,0,100,,1810,49,,,0
2200,'4753',731,,1811,49,,,0,102,,1812,49,,,0,104,,1813,49,,,0,102,,1814,49,,,0,102,,1815,49,,,0,106,,1816,49,,,0,105,,1817,49,,,0,106,,1818,49,,,0,146,,1819,49,,,0,103,,1820,49,,,0,101,,1821,49,,,0,101,,1822,49,,,0,99,,1823,49,,,0,100,,1824,49,,,0
2200,'4881',731,,1825,49,,,0,102,,1826,49,,,0,104,,1827,49,,,0,102,,1828,49,,,0,102,,1829,49,,,0,106,,1830,49,,,0,105,,1831,49,,,0,106,,1832,49,,,0,146,,1833,49,,,0,103,,1834,49,,,0,101,,1835,49,,,0,101,,1836,49,,,0,99,,1837,49,,,0
2300,'4616',853,,1838,37,,,0,102,,1839,37,,,0,102,,1840,37,,,0,143,,1841,37,,,0,102,,1842,37,,,0,102,,1843,37,,,0,101,,1844,37,,,0,101,,1845,37,,,0,100,,1846,37,,,0,100,,1847,37,,,0,100,,1848,37,,,0
2300,'4753',753,,1849,37,,,0,105,,1850,37,,,0,143,,1851,37,,,0,104,,1852,37,,,0,106,,1853,37,,,0,105,,1854,37,,,0,105,,1855,37,,,0,106,,1856,37,,,0,105,,1857,37,,,0,102,,1858,37,,,0,101,,1859,37,,,0,100,,1860,37,,,0,100,,1861,37,,,0
2300,'4881',753,,1862,37,,,0,105,,1863,37,,,0,143,,1864,37,,,0,104,,1865,37,,,0,106,,1866,37,,,0,105,,1867,37,,,0,105,,1868,37,,,0,106,,1869,37,,,0,105,,1870,37,,,0,102,,1871,37,,,0,101,,1872,37,,,0,100,,1873,37,,,0
2400,'4616',809,,1874,6,,,0,400,,1875,6,,,0,430,,1876,6,,,0
2400,'4880',809,,1877,6,,,0,400,,1878,6,,,0,430,,1879,6,,,0
2501,'4616',857,,1880,12,,,0,100,,1881,12,,,0,100,,1882,12,,,0,100,,1883,12,,,0,102,,1884,12,,,0,142,,1885,12,,,0,102,,1886,12,,,0,100,,1887,12,,,0,100,,1888,12,,,0,100,,1889,12,,,0,100,,1890,12,,,0
2501,'4753',755,,1891,12,,,0,103,,1892,12,,,0,143,,1893,12,,,0,103,,1894,12,,,0,103,,1895,12,,,0,104,,1896,12,,,0,105,,1897,12,,,0,107,,1898,12,,,0,106,,1899,12,,,0,103,,1900,12,,,0,100,,1901,12,,,0,100,,1902,12,,,0,100,,1903,12,,,0
2501,'4881',755,,1904,12,,,0,103,,1905,12,,,0,143,,1906,12,,,0,103,,1907,12,,,0,103,,1908,12,,,0,104,,1909,12,,,0,105,,1910,12,,,0,107,,1911,12,,,0,106,,1912,12,,,0,103,,1913,12,,,0,100,,1914,12,,,0,100,,1915,12,,,0
4100,'4751',923,,1916,7,,,0,527,,1917,7,,,0
4200,'4752',1543,,1920,6,0,8 9 10,0
4201,'4752',958,,1921,6,0,8 9 10,0
4300,'4752',1720,,1922,7,0,11 10,0
4301,'4752',1121,,1923,6,0,11 10,0
