300,'4159',916,,1243,7,,,0,42,,224,7,,,0,82,,1250,7,,,0,82,,222,7,,,0,82,,1249,7,,,0,42,,214,7,,,0,82,,1248,7,,,0,82,,219,7,,,0,42,,1247,7,,,0,81,,217,7,,,0,82,,1246,7,,,0,42,,215,7,,,0,82,,1245,7,,,0,82,,212,7,,,0,82,,1244,7,,,0
300,'4616',835,,1251,7,,,0,80,,1254,7,,,0,40,,1259,7,,,0,80,,1261,7,,,0,81,,1262,7,,,0,40,,1260,7,,,0,80,,1258,7,,,0,80,,1257,7,,,0,41,,1256,7,,,0,80,,1255,7,,,0,80,,1253,7,,,0,39,,235,7,,,0,80,,1252,7,,,0,80,,234,7,,,0,40,,233,7,,,0,80,,232,7,,,0,79,,230,7,,,0,40,,229,7,,,0,78,,228,7,,,0,80,,227,7,,,0,40,,226,7,,,0
300,'4753',922,,1263,7,,,0,135,,1265,7,,,0,166,,1266,7,,,0,322,,1264,7,,,0,100,,1267,7,,,0
300,'4754',916,,1268,7,,,0,42,,265,7,,,0,82,,1275,7,,,0,82,,263,7,,,0,82,,1274,7,,,0,42,,255,7,,,0,82,,1273,7,,,0,82,,260,7,,,0,42,,1272,7,,,0,81,,258,7,,,0,82,,1271,7,,,0,42,,256,7,,,0,82,,1270,7,,,0,82,,253,7,,,0,82,,1269,7,,,0
300,'4755',916,,1276,7,,,0,42,,1285,7,,,0,82,,1284,7,,,0,82,,1283,7,,,0,82,,1282,7,,,0,42,,270,7,,,0,82,,1281,7,,,0,82,,275,7,,,0,42,,1280,7,,,0,81,,273,7,,,0,82,,1279,7,,,0,42,,271,7,,,0,82,,1278,7,,,0,82,,268,7,,,0,82,,1277,7,,,0
300,'4880',633,,293,7,,,0,80,,292,7,,,0,38,,290,7,,,0,91,,288,7,,,0,105,,301,7,,,0,65,,294,7,,,0,127,,296,7,,,0,167,,282,7,,,0,49,,1288,7,,,0,65,,300,7,,,0,25,,281,7,,,0,70,,299,7,,,0,100,,291,7,,,0,100,,289,7,,,0,29,,298,7,,,0,78,,297,7,,,0,79,,287,7,,,0,40,,285,7,,,0,82,,1287,7,,,0,85,,286,7,,,0,45,,1286,7,,,0
300,'4881',922,,1289,7,,,0,135,,1291,7,,,0,166,,1292,7,,,0,322,,1290,7,,,0,100,,1293,7,,,0
900,'4159',927,,1623,9,,,0,32,,1629,9,,,0,72,,790,9,,,0,72,,1628,9,,,0,32,,788,9,,,0,72,,1627,9,,,0,33,,785,9,,,0,72,,784,9,,,0,32,,1625,9,,,0,72,,1626,9,,,0,32,,1624,9,,,0,72,,781,9,,,0,31,,780,9,,,0,72,,776,9,,,0,32,,779,9,,,0,72,,778,9,,,0,32,,777,9,,,0,72,,775,9,,,0
900,'4616',855,,792,9,,,0,72,,1648,9,,,0,73,,815,9,,,0,32,,1646,9,,,0,72,,814,9,,,0,32,,1647,9,,,0,72,,811,9,,,0,32,,1645,9,,,0,72,,808,9,,,0,32,,1644,9,,,0,72,,807,9,,,0,32,,1642,9,,,0,72,,1643,9,,,0,32,,1640,9,,,0,72,,1641,9,,,0,32,,1639,9,,,0,71,,1638,9,,,0,32,,1637,9,,,0,72,,1636,9,,,0,72,,1635,9,,,0,32,,1634,9,,,0,72,,1633,9,,,0,32,,1632,9,,,0,72,,1631,9,,,0,32,,1630,9,,,0
900,'4753',1526,,1656,9,,,0,77,,1659,9,,,0,37,,1655,9,,,0,76,,1660,9,,,0,37,,1654,9,,,0,76,,1649,9,,,0,72,,1651,9,,,0,33,,1658,9,,,0,72,,1657,9,,,0,32,,1653,9,,,0,72,,1650,9,,,0,32,,1652,9,,,0
900,'4754',927,,1661,9,,,0,32,,1667,9,,,0,72,,845,9,,,0,72,,1666,9,,,0,32,,843,9,,,0,72,,1665,9,,,0,33,,840,9,,,0,72,,839,9,,,0,32,,1663,9,,,0,72,,1664,9,,,0,32,,1662,9,,,0,72,,836,9,,,0,31,,835,9,,,0,72,,831,9,,,0,32,,834,9,,,0,72,,833,9,,,0,32,,832,9,,,0,72,,830,9,,,0
900,'4755',927,,1668,9,,,0,32,,1674,9,,,0,72,,863,9,,,0,72,,1673,9,,,0,32,,861,9,,,0,72,,1672,9,,,0,33,,858,9,,,0,72,,857,9,,,0,32,,1670,9,,,0,72,,1671,9,,,0,32,,1669,9,,,0,72,,854,9,,,0,31,,853,9,,,0,72,,849,9,,,0,32,,852,9,,,0,72,,851,9,,,0,32,,850,9,,,0,72,,848,9,,,0
900,'4880',720,,881,9,,,0,18,,870,9,,,0,18,,874,9,,,0,58,,887,9,,,0,19,,873,9,,,0,18,,871,9,,,0,58,,876,9,,,0,18,,869,9,,,0,18,,883,9,,,0,76,,880,9,,,0,36,,886,9,,,0,76,,885,9,,,0,76,,879,9,,,0,36,,878,9,,,0,76,,877,9,,,0,35,,882,9,,,0,76,,865,9,,,0,76,,867,9,,,0,37,,884,9,,,0,77,,875,9,,,0,37,,866,9,,,0,76,,868,9,,,0,76,,872,9,,,0
900,'4881',1526,,1679,9,,,0,77,,1681,9,,,0,37,,1678,9,,,0,76,,1682,9,,,0,37,,1677,9,,,0,76,,1675,9,,,0,72,,1676,9,,,0,33,,1680,9,,,0
6001,'4616',1049,,1028,22,,,0,174,,1027,22,,,0,227,,1029,22,,,0,171,,1030,22,,,0
6001,'4880',708,,1034,26,,,0,242,,1031,26,,,0,175,,1035,22,,,0,396,,1033,26,,,0,217,,1032,26,,,0
