301,'4159',903,,1299,13,,,0,42,,317,13,,,0,82,,1300,13,,,0,82,,319,13,,,0,42,,1301,13,,,0,82,,321,13,,,0,82,,1297,13,,,0,42,,314,13,,,0,82,,1298,13,,,0,82,,311,13,,,0,82,,1296,13,,,0,42,,307,13,,,0,82,,1295,13,,,0,82,,308,13,,,0,42,,1294,13,,,0
301,'4616',822,,1302,13,,,0,80,,1307,13,,,0,40,,1303,13,,,0,80,,1305,13,,,0,80,,1304,13,,,0,40,,1306,13,,,0,80,,1309,13,,,0,80,,1308,13,,,0,41,,1310,13,,,0,80,,1311,13,,,0,80,,1312,13,,,0,39,,333,13,,,0,80,,1313,13,,,0,80,,335,13,,,0,40,,336,13,,,0,80,,337,13,,,0,79,,338,13,,,0,40,,339,13,,,0,79,,340,13,,,0,80,,341,13,,,0,40,,342,13,,,0
301,'4753',908,,1318,13,,,0,135,,1317,13,,,0,166,,1316,13,,,0,322,,1315,13,,,0,100,,1314,13,,,0
301,'4754',903,,1324,13,,,0,42,,358,13,,,0,82,,1325,13,,,0,82,,360,13,,,0,42,,1326,13,,,0,82,,362,13,,,0,82,,1322,13,,,0,42,,355,13,,,0,82,,1323,13,,,0,82,,352,13,,,0,82,,1321,13,,,0,42,,348,13,,,0,82,,1320,13,,,0,82,,349,13,,,0,42,,1319,13,,,0
301,'4755',903,,1332,13,,,0,42,,1333,13,,,0,82,,1334,13,,,0,82,,1335,13,,,0,42,,1336,13,,,0,82,,377,13,,,0,82,,1330,13,,,0,42,,370,13,,,0,82,,1331,13,,,0,82,,367,13,,,0,82,,1329,13,,,0,42,,363,13,,,0,82,,1328,13,,,0,82,,364,13,,,0,42,,1327,13,,,0
301,'4880',619,,378,13,,,0,40,,380,13,,,0,78,,391,13,,,0,91,,392,13,,,0,105,,398,13,,,0,25,,393,13,,,0,167,,390,13,,,0,127,,389,13,,,0,89,,1339,13,,,0,65,,397,13,,,0,25,,387,13,,,0,70,,396,13,,,0,100,,394,13,,,0,100,,386,13,,,0,29,,395,13,,,0,78,,385,13,,,0,39,,384,13,,,0,80,,383,13,,,0,82,,1338,13,,,0,45,,381,13,,,0,85,,1337,13,,,0
301,'4881',908,,1344,13,,,0,135,,1343,13,,,0,166,,1342,13,,,0,322,,1341,13,,,0,100,,1340,13,,,0
901,'4159',915,,1688,8,,,0,32,,1689,8,,,0,72,,911,8,,,0,32,,1683,8,,,0,72,,898,8,,,0,32,,1684,8,,,0,73,,900,8,,,0,72,,896,8,,,0,32,,1685,8,,,0,72,,1686,8,,,0,32,,1687,8,,,0,72,,904,8,,,0,32,,905,8,,,0,72,,906,8,,,0,32,,907,8,,,0,72,,912,8,,,0,32,,909,8,,,0,72,,913,8,,,0
901,'4616',844,,914,8,,,0,72,,1691,8,,,0,32,,918,8,,,0,72,,1690,8,,,0,32,,916,8,,,0,72,,1692,8,,,0,32,,920,8,,,0,72,,1693,8,,,0,72,,922,8,,,0,32,,1694,8,,,0,72,,924,8,,,0,32,,1695,8,,,0,72,,1696,8,,,0,32,,1697,8,,,0,72,,1698,8,,,0,32,,1699,8,,,0,72,,1700,8,,,0,32,,1701,8,,,0,72,,1702,8,,,0,32,,1703,8,,,0,72,,1704,8,,,0,32,,1706,8,,,0,72,,1707,8,,,0,72,,1708,8,,,0,32,,1705,8,,,0
901,'4753',1514,,1720,8,,,0,37,,1719,8,,,0,77,,1714,8,,,0,76,,1713,8,,,0,37,,1712,8,,,0,76,,1711,8,,,0,32,,1710,8,,,0,73,,1709,8,,,0,33,,1715,8,,,0,72,,1716,8,,,0,32,,1717,8,,,0,72,,1718,8,,,0
901,'4754',915,,1726,8,,,0,32,,1727,8,,,0,72,,966,8,,,0,32,,1721,8,,,0,72,,953,8,,,0,32,,1722,8,,,0,73,,955,8,,,0,72,,951,8,,,0,32,,1723,8,,,0,72,,1724,8,,,0,32,,1725,8,,,0,72,,959,8,,,0,32,,960,8,,,0,72,,961,8,,,0,32,,962,8,,,0,72,,967,8,,,0,32,,964,8,,,0,72,,968,8,,,0
901,'4755',915,,1733,8,,,0,32,,1734,8,,,0,72,,984,8,,,0,32,,1728,8,,,0,72,,971,8,,,0,32,,1729,8,,,0,73,,973,8,,,0,72,,969,8,,,0,32,,1730,8,,,0,72,,1731,8,,,0,32,,1732,8,,,0,72,,977,8,,,0,32,,978,8,,,0,72,,979,8,,,0,32,,980,8,,,0,72,,985,8,,,0,32,,982,8,,,0,72,,986,8,,,0
901,'4880',709,,987,8,,,0,18,,998,8,,,0,18,,996,8,,,0,58,,1002,8,,,0,19,,997,8,,,0,18,,999,8,,,0,18,,995,8,,,0,58,,1000,8,,,0,18,,1009,8,,,0,75,,1008,8,,,0,36,,992,8,,,0,76,,994,8,,,0,36,,1003,8,,,0,76,,993,8,,,0,76,,991,8,,,0,35,,1004,8,,,0,76,,1005,8,,,0,36,,1007,8,,,0,77,,988,8,,,0,77,,990,8,,,0,37,,989,8,,,0,76,,1001,8,,,0,36,,1006,8,,,0
901,'4881',1514,,1742,8,,,0,37,,1741,8,,,0,77,,1740,8,,,0,76,,1739,8,,,0,37,,1738,8,,,0,76,,1737,8,,,0,32,,1736,8,,,0,73,,1735,8,,,0
6000,'4616',943,,1019,8,0,5 6,0,169,,1018,8,0,5 6,0,227,,1020,8,0,5 6,0,175,,1021,8,0,5 6,0
6000,'4880',753,,1024,7,,,0,262,,1023,7,0,5 6,0,309,,1025,7,,,0,223,,1022,7,,,0,257,,1026,7,,,0
