701,'4159',822,,1572,27,,,0,221,,1571,27,,,0,261,,1574,27,,,0,220,,1575,27,,,0,219,,1573,27,,,0,110,,1576,27,,,0
701,'4616',823,,1577,27,,,0,110,,1578,27,,,0,110,,1579,27,,,0,109,,1580,27,,,0,151,,1581,27,,,0,108,,1582,27,,,0,112,,1583,27,,,0,110,,1584,27,,,0,120,,1585,27,,,0,149,,1586,27,,,0,119,,1587,27,,,0,120,,1588,27,,,0
701,'4753',711,,1589,27,,,0
701,'4754',822,,1591,27,,,0,221,,1590,27,,,0,261,,1593,27,,,0,220,,1594,27,,,0,219,,1592,27,,,0,110,,1595,27,,,0
701,'4755',822,,1597,27,,,0,221,,1596,27,,,0,261,,1599,27,,,0,220,,1600,27,,,0,219,,1598,27,,,0,110,,1601,27,,,0
701,'4880',831,,725,27,,,0,126,,724,27,,,0,79,,733,27,,,0,95,,727,27,,,0,174,,726,27,,,0,95,,735,27,,,0,41,,729,27,,,0,177,,728,27,,,0,136,,730,27,,,0,170,,731,27,,,0,96,,734,27,,,0,120,,732,27,,,0
701,'4881',711,,1602,27,,,0
801,'4159',930,,1606,20,,,0,220,,1605,20,,,0,260,,1604,20,,,0,220,,1603,20,,,0
801,'4616',857,,741,20,,,0,150,,742,20,,,0,110,,743,20,,,0,110,,744,20,,,0,111,,745,20,,,0,109,,746,20,,,0,109,,747,20,,,0,161,,1607,20,,,0,110,,1608,20,,,0,111,,1609,20,,,0,162,,1610,20,,,0
801,'4753',631,,1611,20,,,0,122,,1612,20,,,0
801,'4754',930,,1616,20,,,0,220,,1615,20,,,0,260,,1614,20,,,0,220,,1613,20,,,0
801,'4755',930,,1620,20,,,0,220,,1619,20,,,0,260,,1618,20,,,0,220,,1617,20,,,0
801,'4880',914,,768,20,,,0,89,,770,20,,,0,41,,771,20,,,0,174,,765,20,,,0,135,,764,20,,,0,176,,763,20,,,0,177,,762,20,,,0,133,,767,20,,,0,164,,766,20,,,0,56,,769,20,,,0
801,'4881',631,,1621,20,,,0,122,,1622,20,,,0
