701,'4159',834,,694,43,,,0,221,,693,43,,,0,262,,696,43,,,0,219,,697,43,,,0,219,,695,43,,,0,149,,698,43,,,0
701,'4616',834,,699,43,,,0,110,,700,43,,,0,110,,701,43,,,0,149,,702,43,,,0,111,,703,43,,,0,108,,704,43,,,0,112,,705,43,,,0,110,,706,43,,,0,160,,707,43,,,0,109,,708,43,,,0,119,,709,43,,,0,120,,710,43,,,0
701,'4753',723,,711,43,,,0
701,'4754',834,,713,43,,,0,221,,712,43,,,0,262,,715,43,,,0,219,,716,43,,,0,219,,714,43,,,0,149,,717,43,,,0
701,'4755',834,,719,43,,,0,221,,718,43,,,0,262,,721,43,,,0,219,,722,43,,,0,219,,720,43,,,0,149,,723,43,,,0
701,'4880',844,,725,43,,,0,166,,724,43,,,0,39,,733,43,,,0,97,,727,43,,,0,175,,726,43,,,0,95,,735,43,,,0,41,,729,43,,,0,175,,728,43,,,0,174,,730,43,,,0,129,,731,43,,,0,96,,734,43,,,0,119,,732,43,,,0
701,'4881',723,,736,43,,,0
801,'4159',942,,740,36,,,0,260,,739,36,,,0,220,,738,36,,,0,220,,737,36,,,0
801,'4616',908,,741,36,,,0,110,,742,36,,,0,110,,743,36,,,0,110,,744,36,,,0,111,,745,36,,,0,109,,746,36,,,0,149,,747,36,,,0,121,,748,36,,,0,110,,749,36,,,0,111,,750,36,,,0,162,,751,36,,,0
801,'4753',643,,752,36,,,0,165,,753,36,,,0
801,'4754',942,,757,36,,,0,260,,756,36,,,0,220,,755,36,,,0,220,,754,36,,,0
801,'4755',942,,761,36,,,0,260,,760,36,,,0,220,,759,36,,,0,220,,758,36,,,0
801,'4880',927,,768,36,,,0,90,,770,36,,,0,42,,771,36,,,0,174,,765,36,,,0,174,,764,36,,,0,136,,763,36,,,0,177,,762,36,,,0,132,,767,36,,,0,163,,766,36,,,0,96,,769,36,,,0
801,'4881',643,,772,36,,,0,165,,773,36,,,0
