'3239',201,101200,,'',0,2500,4,'',0,7900,,'',0,2500,4,'',0,7900,,'',0,2500,4,'',0,39000,,'',0,6500,4,'',0,800,,'',0,2500,4,'',0,700,,'',0,6500,4,'',0,700,,'',0,2500,4,'',0
'3240',201,83500,,'',0,6500,4,'',0,800,,'',0,2500,4,'',0,700,,'',0,6500,4,'',0,700,,'',0,2500,4,'',0,700,,'',0,6500,4,'',0,700,,'',0,2500,4,'',0,700,,'',0,6500,4,'',0,700,,'',0,2500,4,'',0,7900,,'',0,2500,4,'',0,7900,,'',0,2500,4,'',0,7900,,'',0,2500,4,'',0,7800,,'',0,6500,4,'',0,800,,'',0,2500,4,'',0,700,,'',0,6500,4,'',0,700,,'',0,2500,4,'',0
'3246',201,90800,,'',0,2500,4,'',0,7900,,'',0,2500,4,'',0,7900,,'',0,2500,4,'',0,7900,,'',0,2500,4,'',0,7900,,'',0,2500,4,'',0,70600,,'',0,6500,4,'',0
'3770',201,181200,,'',0,2500,4,'',0,700,,'',0,6500,4,'',0,700,,'',0,2500,4,'',0,700,,'',0,6500,4,'',0
'3773',201,181200,,'',0,2500,4,'',0,700,,'',0,6500,4,'',0,700,,'',0,2500,4,'',0,700,,'',0,6500,4,'',0,700,,'',0,2500,4,'',0,1000,,'',0,6500,4,'',0,500,,'',0,2500,4,'',0
'3776',201,83500,,'',0,6500,4,'',0,800,,'',0,2500,4,'',0,700,,'',0,6500,4,'',0,700,,'',0,2500,4,'',0,700,,'',0,6500,4,'',0,700,,'',0,2500,4,'',0,700,,'',0,6500,4,'',0,700,,'',0,2500,4,'',0,7900,,'',0,2500,4,'',0,7900,,'',0,2500,4,'',0,7900,,'',0,2500,4,'',0,7800,,'',0,6500,4,'',0,800,,'',0,2500,4,'',0,700,,'',0,6500,4,'',0,700,,'',0,2500,4,'',0
'4499',201,83500,,'',0,6500,4,'',0,800,,'',0,2500,4,'',0,700,,'',0,6500,4,'',0,3900,,'',0,6500,4,'',0,3900,,'',0,6500,4,'',0,11100,,'',0,2500,4,'',0,7900,,'',0,2500,4,'',0,7900,,'',0,2500,4,'',0
'4500',201,62400,,'',0,2500,4,'',0,5100,,'',0,2500,4,'',0,700,,'',0,2500,4,'',0,4700,,'',0,2500,4,'',0,600,,'',0,6500,4,'',0,800,,'',0,2500,4,'',0,700,,'',0,6500,4,'',0,700,,'',0,2500,4,'',0,700,,'',0,6500,4,'',0,700,,'',0,2500,4,'',0,700,,'',0,6500,4,'',0,700,,'',0,2500,4,'',0,700,,'',0,6500,4,'',0,700,,'',0,2500,4,'',0,700,,'',0,6500,4,'',0,700,,'',0,2500,4,'',0,4700,,'',0,2500,4,'',0,700,,'',0,2500,4,'',0,4700,,'',0,2500,4,'',0,600,,'',0,6500,4,'',0,800,,'',0,2500,4,'',0,700,,'',0,6500,4,'',0
'4501',201,62400,,'',0,2500,4,'',0,5100,,'',0,2500,4,'',0,700,,'',0,2500,4,'',0,4700,,'',0,2500,4,'',0,600,,'',0,6500,4,'',0,800,,'',0,2500,4,'',0,700,,'',0,6500,4,'',0,700,,'',0,2500,4,'',0,700,,'',0,6500,4,'',0,700,,'',0,2500,4,'',0,700,,'',0,6500,4,'',0,700,,'',0,2500,4,'',0,700,,'',0,6500,4,'',0,700,,'',0,2500,4,'',0,700,,'',0,6500,4,'',0,700,,'',0,2500,4,'',0,4700,,'',0,2500,4,'',0,700,,'',0,2500,4,'',0,4700,,'',0,2500,4,'',0,600,,'',0,6500,4,'',0,800,,'',0,2500,4,'',0,700,,'',0,6500,4,'',0
'4503',201,83500,,'',0,6500,4,'',0,4000,,'',0,6500,4,'',0,3900,,'',0,6500,4,'',0,3900,,'',0,6500,4,'',0,3900,,'',0,6500,4,'',0,3900,,'',0,6500,4,'',0,700,,'',0,2500,4,'',0,4900,,'',0,2500,4,'',0,500,,'',0,2500,4,'',0,4700,,'',0,2500,4,'',0,600,,'',0,6500,4,'',0,800,,'',0,2500,4,'',0,700,,'',0,6500,4,'',0,700,,'',0,2500,4,'',0,700,,'',0,6500,4,'',0,700,,'',0,2500,4,'',0,700,,'',0,6500,4,'',0,700,,'',0,2500,4,'',0,8000,,'',0,2500,4,'',0
'4504',201,83500,,'',0,6500,4,'',0,800,,'',0,2500,4,'',0,700,,'',0,6500,4,'',0,3900,,'',0,6500,4,'',0,3900,,'',0,6500,4,'',0,11100,,'',0,2500,4,'',0,7900,,'',0,2500,4,'',0,7900,,'',0,2500,4,'',0
'4500',6100,60500,,'',0,25000,0,'Lavington Only',0,19000,,'',0,58000,,'',0,11700,,'',0
'4500',6101,72200,4,'',0,21100,4,'',0,26900,4,'',0,54000,4,'',0,11700,4,'',0
'4501',6100,60500,,'',0,25000,0,'Lavington Only',0,19000,,'',0,58000,,'',0,11700,,'',0
'4501',6101,72200,4,'',0,21100,4,'',0,26900,4,'',0,54000,4,'',0,11700,4,'',0
