701,'4159',826,,694,33,,,0,221,,693,33,,,0,261,,696,33,,,0,220,,697,33,,,0,219,,695,33,,,0,110,,698,33,,,0
701,'4616',826,,699,33,,,0,110,,700,33,,,0,110,,701,33,,,0,109,,702,33,,,0,151,,703,33,,,0,108,,704,33,,,0,112,,705,33,,,0,110,,706,33,,,0,120,,707,33,,,0,149,,708,33,,,0,119,,709,33,,,0,120,,710,33,,,0
701,'4753',715,,711,33,,,0
701,'4754',826,,713,33,,,0,221,,712,33,,,0,261,,715,33,,,0,220,,716,33,,,0,219,,714,33,,,0,110,,717,33,,,0
701,'4755',826,,719,33,,,0,221,,718,33,,,0,261,,721,33,,,0,220,,722,33,,,0,219,,720,33,,,0,110,,723,33,,,0
701,'4880',835,,725,33,,,0,166,,724,33,,,0,39,,733,33,,,0,95,,727,33,,,0,174,,726,33,,,0,95,,735,33,,,0,41,,729,33,,,0,177,,728,33,,,0,135,,730,33,,,0,170,,731,33,,,0,96,,734,33,,,0,120,,732,33,,,0
701,'4881',715,,736,33,,,0
801,'4159',934,,740,26,,,0,220,,739,26,,,0,260,,738,26,,,0,220,,737,26,,,0
801,'4616',900,,741,26,,,0,110,,742,26,,,0,110,,743,26,,,0,110,,744,26,,,0,111,,745,26,,,0,109,,746,26,,,0,109,,747,26,,,0,161,,748,26,,,0,110,,749,26,,,0,111,,750,26,,,0,162,,751,26,,,0
801,'4753',635,,752,26,,,0,123,,753,26,,,0
801,'4754',934,,757,26,,,0,220,,756,26,,,0,260,,755,26,,,0,220,,754,26,,,0
801,'4755',934,,761,26,,,0,220,,760,26,,,0,260,,759,26,,,0,220,,758,26,,,0
801,'4880',918,,768,26,,,0,89,,770,26,,,0,41,,771,26,,,0,174,,765,26,,,0,135,,764,26,,,0,176,,763,26,,,0,177,,762,26,,,0,133,,767,26,,,0,164,,766,26,,,0,96,,769,26,,,0
801,'4881',635,,772,26,,,0,123,,773,26,,,0
