300,'4159',915,,210,6,,,0,42,,224,6,,,0,82,,223,6,,,0,82,,222,6,,,0,82,,221,6,,,0,42,,214,6,,,0,82,,220,6,,,0,82,,219,6,,,0,42,,218,6,,,0,81,,217,6,,,0,82,,216,6,,,0,42,,215,6,,,0,82,,213,6,,,0,82,,212,6,,,0,82,,211,6,,,0
300,'4616',834,,225,6,,,0,80,,237,6,,,0,40,,242,6,,,0,80,,244,6,,,0,81,,245,6,,,0,40,,243,6,,,0,80,,241,6,,,0,80,,240,6,,,0,41,,239,6,,,0,81,,238,6,,,0,80,,236,6,,,0,38,,235,6,,,0,80,,231,6,,,0,80,,234,6,,,0,40,,233,6,,,0,80,,232,6,,,0,79,,230,6,,,0,40,,229,6,,,0,78,,228,6,,,0,80,,227,6,,,0,40,,226,6,,,0
300,'4753',921,,246,6,,,0,135,,248,6,,,0,166,,249,6,,,0,322,,247,6,,,0,100,,250,6,,,0
300,'4754',915,,251,6,,,0,42,,265,6,,,0,82,,264,6,,,0,82,,263,6,,,0,82,,262,6,,,0,42,,255,6,,,0,82,,261,6,,,0,82,,260,6,,,0,42,,259,6,,,0,81,,258,6,,,0,82,,257,6,,,0,42,,256,6,,,0,82,,254,6,,,0,82,,253,6,,,0,82,,252,6,,,0
300,'4755',915,,266,6,,,0,42,,280,6,,,0,82,,279,6,,,0,82,,278,6,,,0,82,,277,6,,,0,42,,270,6,,,0,82,,276,6,,,0,82,,275,6,,,0,42,,274,6,,,0,81,,273,6,,,0,82,,272,6,,,0,42,,271,6,,,0,82,,269,6,,,0,82,,268,6,,,0,82,,267,6,,,0
300,'4880',632,,293,6,,,0,80,,292,6,,,0,38,,290,6,,,0,91,,288,6,,,0,105,,301,6,,,0,65,,294,6,,,0,127,,296,6,,,0,167,,282,6,,,0,49,,295,6,,,0,65,,300,6,,,0,25,,281,6,,,0,70,,299,6,,,0,100,,291,6,,,0,100,,289,6,,,0,29,,298,6,,,0,78,,297,6,,,0,79,,287,6,,,0,40,,285,6,,,0,82,,284,6,,,0,85,,286,6,,,0,45,,283,6,,,0
300,'4881',921,,302,6,,,0,135,,304,6,,,0,166,,305,6,,,0,322,,303,6,,,0,100,,306,6,,,0
900,'4159',926,,774,8,,,0,32,,791,8,,,0,72,,790,8,,,0,72,,789,8,,,0,32,,788,8,,,0,72,,787,8,,,0,33,,785,8,,,0,72,,784,8,,,0,32,,783,8,,,0,72,,786,8,,,0,32,,782,8,,,0,72,,781,8,,,0,31,,780,8,,,0,72,,776,8,,,0,32,,779,8,,,0,72,,778,8,,,0,32,,777,8,,,0,72,,775,8,,,0
900,'4616',854,,792,8,,,0,72,,816,8,,,0,33,,815,8,,,0,72,,812,8,,,0,72,,814,8,,,0,32,,813,8,,,0,72,,811,8,,,0,32,,810,8,,,0,72,,808,8,,,0,32,,809,8,,,0,72,,807,8,,,0,32,,805,8,,,0,72,,806,8,,,0,32,,803,8,,,0,72,,804,8,,,0,32,,802,8,,,0,71,,801,8,,,0,32,,800,8,,,0,72,,799,8,,,0,72,,798,8,,,0,32,,797,8,,,0,72,,796,8,,,0,32,,795,8,,,0,72,,794,8,,,0,32,,793,8,,,0
900,'4753',1526,,824,8,,,0,77,,827,8,,,0,37,,823,8,,,0,75,,828,8,,,0,37,,822,8,,,0,76,,817,8,,,0,72,,819,8,,,0,33,,826,8,,,0,72,,825,8,,,0,32,,821,8,,,0,72,,818,8,,,0,32,,820,8,,,0
900,'4754',926,,829,8,,,0,32,,846,8,,,0,72,,845,8,,,0,72,,844,8,,,0,32,,843,8,,,0,72,,842,8,,,0,33,,840,8,,,0,72,,839,8,,,0,32,,838,8,,,0,72,,841,8,,,0,32,,837,8,,,0,72,,836,8,,,0,31,,835,8,,,0,72,,831,8,,,0,32,,834,8,,,0,72,,833,8,,,0,32,,832,8,,,0,72,,830,8,,,0
900,'4755',926,,847,8,,,0,32,,864,8,,,0,72,,863,8,,,0,72,,862,8,,,0,32,,861,8,,,0,72,,860,8,,,0,33,,858,8,,,0,72,,857,8,,,0,32,,856,8,,,0,72,,859,8,,,0,32,,855,8,,,0,72,,854,8,,,0,31,,853,8,,,0,72,,849,8,,,0,32,,852,8,,,0,72,,851,8,,,0,32,,850,8,,,0,72,,848,8,,,0
900,'4880',719,,881,8,,,0,18,,870,8,,,0,18,,874,8,,,0,58,,887,8,,,0,19,,873,8,,,0,18,,871,8,,,0,58,,876,8,,,0,18,,869,8,,,0,18,,883,8,,,0,76,,880,8,,,0,36,,886,8,,,0,76,,885,8,,,0,76,,879,8,,,0,36,,878,8,,,0,76,,877,8,,,0,35,,882,8,,,0,76,,865,8,,,0,77,,867,8,,,0,37,,884,8,,,0,77,,875,8,,,0,36,,866,8,,,0,76,,868,8,,,0,76,,872,8,,,0
900,'4881',1526,,892,8,,,0,77,,894,8,,,0,37,,891,8,,,0,75,,895,8,,,0,37,,890,8,,,0,76,,888,8,,,0,72,,889,8,,,0,33,,893,8,,,0
6001,'4616',1048,,1028,21,,,0,174,,1027,21,,,0,227,,1029,21,,,0,171,,1030,21,,,0
6001,'4880',707,,1034,25,,,0,242,,1031,25,,,0,175,,1035,21,,,0,396,,1033,25,,,0,217,,1032,25,,,0
