501,'4159',857,,465,4,,,0,159,,466,4,,,0,124,,467,4,,,0,164,,468,4,,,0,125,,469,4,,,0,123,,470,4,,,0,164,,471,4,,,0,124,,472,4,,,0
501,'4616',817,,473,4,,,0,40,,474,4,,,0,80,,476,4,,,0,80,,475,4,,,0,40,,477,4,,,0,80,,478,4,,,0,80,,479,4,,,0,40,,480,4,,,0,80,,481,4,,,0,80,,482,4,,,0,40,,483,4,,,0,80,,484,4,,,0,80,,485,4,,,0,40,,486,4,,,0,80,,487,4,,,0,80,,488,4,,,0,40,,489,4,,,0,80,,491,4,,,0,80,,492,4,,,0,40,,490,4,,,0,80,,493,4,,,0
501,'4753',820,,498,4,,,0,134,,495,4,,,0,168,,494,4,,,0,130,,496,4,,,0,181,,497,4,,,0
501,'4754',857,,499,4,,,0,159,,500,4,,,0,124,,501,4,,,0,164,,502,4,,,0,125,,503,4,,,0,123,,504,4,,,0,164,,505,4,,,0,124,,506,4,,,0
501,'4755',857,,507,4,,,0,159,,508,4,,,0,124,,509,4,,,0,164,,510,4,,,0,125,,511,4,,,0,123,,512,4,,,0,164,,513,4,,,0,124,,514,4,,,0
501,'4880',613,,515,4,,,0,40,,516,4,,,0,81,,517,4,,,0,71,,518,4,,,0,31,,533,4,,,0,74,,519,4,,,0,128,,521,4,,,0,165,,520,4,,,0,139,,522,4,,,0,171,,524,4,,,0,39,,523,4,,,0,83,,525,4,,,0,84,,526,4,,,0,83,,528,4,,,0,43,,529,4,,,0,83,,527,4,,,0,83,,530,4,,,0,43,,532,4,,,0,83,,531,4,,,0
501,'4881',820,,538,4,,,0,134,,535,4,,,0,168,,534,4,,,0,130,,536,4,,,0,181,,537,4,,,0
601,'4159',845,,618,4,,,0,98,,619,4,,,0,164,,620,4,,,0,124,,617,4,,,0,124,,621,4,,,0,164,,622,4,,,0,124,,616,4,,,0,164,,623,4,,,0
601,'4616',845,,626,4,,,0,75,,624,4,,,0,35,,625,4,,,0,75,,628,4,,,0,75,,627,4,,,0,35,,629,4,,,0,75,,631,4,,,0,35,,630,4,,,0,75,,632,4,,,0,75,,633,4,,,0,35,,634,4,,,0,75,,635,4,,,0,35,,636,4,,,0,75,,637,4,,,0,82,,638,4,,,0,35,,639,4,,,0,75,,640,4,,,0,44,,641,4,,,0,65,,643,4,,,0,36,,642,4,,,0
601,'4753',632,,644,4,,,0,70,,645,4,,,0,623,,647,4,,,0,75,,648,4,,,0,35,,646,4,,,0,267,,649,4,,,0,35,,650,4,,,0,75,,651,4,,,0,44,,652,4,,,0,69,,653,4,,,0,32,,654,4,,,0
601,'4754',845,,657,4,,,0,98,,658,4,,,0,164,,659,4,,,0,124,,656,4,,,0,124,,660,4,,,0,164,,661,4,,,0,124,,655,4,,,0,164,,662,4,,,0
601,'4755',845,,665,4,,,0,98,,666,4,,,0,164,,667,4,,,0,124,,664,4,,,0,124,,668,4,,,0,164,,669,4,,,0,124,,663,4,,,0,164,,670,4,,,0
601,'4880',735,,671,4,,,0,75,,672,4,,,0,35,,673,4,,,0,75,,674,4,,,0,35,,676,4,,,0,75,,677,4,,,0,75,,678,4,,,0,35,,675,4,,,0,75,,679,4,,,0,35,,680,4,,,0,260,,681,4,,,0,35,,682,4,,,0,75,,683,4,,,0
601,'4881',632,,684,4,,,0,70,,685,4,,,0,623,,687,4,,,0,75,,688,4,,,0,35,,686,4,,,0,267,,689,4,,,0,35,,690,4,,,0,75,,691,4,,,0,44,,692,4,,,0
