701,'4159',832,,694,41,,,0,222,,693,41,,,0,262,,696,41,,,0,219,,697,41,,,0,219,,695,41,,,0,149,,698,41,,,0
701,'4616',833,,699,41,,,0,110,,700,41,,,0,110,,701,41,,,0,149,,702,41,,,0,111,,703,41,,,0,108,,704,41,,,0,112,,705,41,,,0,110,,706,41,,,0,160,,707,41,,,0,109,,708,41,,,0,119,,709,41,,,0,120,,710,41,,,0
701,'4753',722,,711,41,,,0
701,'4754',832,,713,41,,,0,222,,712,41,,,0,262,,715,41,,,0,219,,716,41,,,0,219,,714,41,,,0,149,,717,41,,,0
701,'4755',832,,719,41,,,0,222,,718,41,,,0,262,,721,41,,,0,219,,722,41,,,0,219,,720,41,,,0,149,,723,41,,,0
701,'4880',843,,725,41,,,0,165,,724,41,,,0,40,,733,41,,,0,96,,727,41,,,0,175,,726,41,,,0,95,,735,41,,,0,41,,729,41,,,0,176,,728,41,,,0,173,,730,41,,,0,130,,731,41,,,0,95,,734,41,,,0,120,,732,41,,,0
701,'4881',722,,736,41,,,0
801,'4159',941,,740,34,,,0,260,,739,34,,,0,220,,738,34,,,0,220,,737,34,,,0
801,'4616',907,,741,34,,,0,110,,742,34,,,0,110,,743,34,,,0,110,,744,34,,,0,111,,745,34,,,0,109,,746,34,,,0,149,,747,34,,,0,121,,748,34,,,0,110,,749,34,,,0,111,,750,34,,,0,162,,751,34,,,0
801,'4753',642,,752,34,,,0,164,,753,34,,,0
801,'4754',941,,757,34,,,0,260,,756,34,,,0,220,,755,34,,,0,220,,754,34,,,0
801,'4755',941,,761,34,,,0,260,,760,34,,,0,220,,759,34,,,0,220,,758,34,,,0
801,'4880',925,,768,34,,,0,90,,770,34,,,0,42,,771,34,,,0,174,,765,34,,,0,175,,764,34,,,0,136,,763,34,,,0,176,,762,34,,,0,132,,767,34,,,0,163,,766,34,,,0,96,,769,34,,,0
801,'4881',642,,772,34,,,0,164,,773,34,,,0
