300,'4159',921,,210,16,,,0,82,,224,16,,,0,42,,223,16,,,0,83,,222,16,,,0,82,,221,16,,,0,42,,214,16,,,0,82,,220,16,,,0,82,,219,16,,,0,42,,218,16,,,0,81,,217,16,,,0,83,,216,16,,,0,82,,215,16,,,0,42,,213,16,,,0,81,,212,16,,,0,82,,211,16,,,0
300,'4616',841,,225,16,,,0,80,,237,16,,,0,80,,242,16,,,0,40,,244,16,,,0,81,,245,16,,,0,80,,243,16,,,0,40,,241,16,,,0,80,,240,16,,,0,81,,239,16,,,0,40,,238,16,,,0,80,,236,16,,,0,80,,235,16,,,0,40,,231,16,,,0,80,,234,16,,,0,79,,233,16,,,0,40,,232,16,,,0,79,,230,16,,,0,80,,229,16,,,0,38,,228,16,,,0,79,,227,16,,,0,40,,226,16,,,0
300,'4753',928,,246,16,,,0,175,,248,16,,,0,126,,249,16,,,0,323,,247,16,,,0,100,,250,16,,,0
300,'4754',921,,251,16,,,0,82,,265,16,,,0,42,,264,16,,,0,83,,263,16,,,0,82,,262,16,,,0,42,,255,16,,,0,82,,261,16,,,0,82,,260,16,,,0,42,,259,16,,,0,81,,258,16,,,0,83,,257,16,,,0,82,,256,16,,,0,42,,254,16,,,0,81,,253,16,,,0,82,,252,16,,,0
300,'4755',921,,266,16,,,0,82,,280,16,,,0,42,,279,16,,,0,83,,278,16,,,0,82,,277,16,,,0,42,,270,16,,,0,82,,276,16,,,0,82,,275,16,,,0,42,,274,16,,,0,81,,273,16,,,0,83,,272,16,,,0,82,,271,16,,,0,42,,269,16,,,0,81,,268,16,,,0,82,,267,16,,,0
300,'4880',638,,293,16,,,0,80,,292,16,,,0,39,,290,16,,,0,91,,288,16,,,0,105,,301,16,,,0,65,,294,16,,,0,127,,296,16,,,0,167,,282,16,,,0,90,,295,16,,,0,25,,300,16,,,0,26,,281,16,,,0,70,,299,16,,,0,99,,291,16,,,0,100,,289,16,,,0,28,,298,16,,,0,78,,297,16,,,0,79,,287,16,,,0,39,,285,16,,,0,82,,284,16,,,0,85,,286,16,,,0,45,,283,16,,,0
300,'4881',928,,302,16,,,0,175,,304,16,,,0,126,,305,16,,,0,323,,303,16,,,0,100,,306,16,,,0
301,'4159',850,,316,3,,,0,82,,317,3,,,0,82,,318,3,,,0,42,,319,3,,,0,82,,320,3,,,0,82,,321,3,,,0,82,,313,3,,,0,42,,314,3,,,0,82,,315,3,,,0,81,,311,3,,,0,42,,312,3,,,0,82,,307,3,,,0,82,,310,3,,,0,42,,308,3,,,0,82,,309,3,,,0
301,'4616',809,,322,3,,,0,40,,327,3,,,0,80,,323,3,,,0,80,,325,3,,,0,40,,324,3,,,0,80,,326,3,,,0,80,,329,3,,,0,40,,328,3,,,0,80,,330,3,,,0,80,,331,3,,,0,40,,332,3,,,0,80,,333,3,,,0,80,,334,3,,,0,40,,335,3,,,0,80,,336,3,,,0,80,,337,3,,,0,40,,338,3,,,0,80,,339,3,,,0,79,,340,3,,,0,40,,341,3,,,0,80,,342,3,,,0
301,'4753',855,,347,3,,,0,174,,346,3,,,0,126,,345,3,,,0,362,,344,3,,,0,100,,343,3,,,0
301,'4754',850,,357,3,,,0,82,,358,3,,,0,82,,359,3,,,0,42,,360,3,,,0,82,,361,3,,,0,82,,362,3,,,0,82,,354,3,,,0,42,,355,3,,,0,82,,356,3,,,0,81,,352,3,,,0,42,,353,3,,,0,82,,348,3,,,0,82,,351,3,,,0,42,,349,3,,,0,82,,350,3,,,0
301,'4755',850,,372,3,,,0,82,,373,3,,,0,82,,374,3,,,0,42,,375,3,,,0,82,,376,3,,,0,82,,377,3,,,0,82,,369,3,,,0,42,,370,3,,,0,82,,371,3,,,0,81,,367,3,,,0,42,,368,3,,,0,82,,363,3,,,0,82,,366,3,,,0,42,,364,3,,,0,82,,365,3,,,0
301,'4880',607,,378,3,,,0,40,,380,3,,,0,77,,391,3,,,0,91,,392,3,,,0,105,,398,3,,,0,25,,393,3,,,0,166,,390,3,,,0,127,,389,3,,,0,89,,388,3,,,0,25,,397,3,,,0,65,,387,3,,,0,30,,396,3,,,0,100,,394,3,,,0,100,,386,3,,,0,70,,395,3,,,0,38,,385,3,,,0,80,,384,3,,,0,80,,383,3,,,0,42,,382,3,,,0,85,,381,3,,,0,85,,379,3,,,0
301,'4881',855,,403,3,,,0,174,,402,3,,,0,126,,401,3,,,0,362,,400,3,,,0,100,,399,3,,,0
