501,'4159',856,,465,2,,,0,159,,466,2,,,0,124,,467,2,,,0,164,,468,2,,,0,124,,469,2,,,0,124,,470,2,,,0,164,,471,2,,,0,124,,472,2,,,0
501,'4616',816,,1406,2,,,0,40,,1407,2,,,0,80,,1409,2,,,0,80,,1408,2,,,0,40,,1410,2,,,0,80,,1411,2,,,0,80,,1412,2,,,0,40,,1413,2,,,0,80,,1414,2,,,0,80,,1415,2,,,0,40,,483,2,,,0,80,,1416,2,,,0,80,,485,2,,,0,40,,486,2,,,0,80,,1417,2,,,0,80,,488,2,,,0,40,,489,2,,,0,80,,491,2,,,0,80,,492,2,,,0,40,,1418,2,,,0,80,,493,2,,,0
501,'4753',819,,1423,2,,,0,134,,1420,2,,,0,168,,1419,2,,,0,130,,1421,2,,,0,180,,1422,2,,,0
501,'4754',856,,499,2,,,0,159,,500,2,,,0,124,,501,2,,,0,164,,502,2,,,0,124,,503,2,,,0,124,,504,2,,,0,164,,505,2,,,0,124,,506,2,,,0
501,'4755',856,,1424,2,,,0,159,,1425,2,,,0,124,,1426,2,,,0,164,,510,2,,,0,124,,511,2,,,0,124,,512,2,,,0,164,,513,2,,,0,124,,514,2,,,0
501,'4880',612,,515,2,,,0,40,,516,2,,,0,81,,517,2,,,0,71,,518,2,,,0,31,,533,2,,,0,74,,519,2,,,0,128,,521,2,,,0,165,,520,2,,,0,139,,522,2,,,0,170,,524,2,,,0,40,,523,2,,,0,83,,525,2,,,0,84,,526,2,,,0,83,,528,2,,,0,43,,529,2,,,0,83,,527,2,,,0,83,,530,2,,,0,43,,1427,2,,,0,83,,531,2,,,0
501,'4881',819,,1432,2,,,0,134,,1429,2,,,0,168,,1428,2,,,0,130,,1430,2,,,0,180,,1431,2,,,0
601,'4159',844,,1504,2,,,0,98,,1505,2,,,0,164,,1506,2,,,0,124,,1503,2,,,0,124,,1507,2,,,0,164,,1508,2,,,0,124,,1502,2,,,0,164,,1509,2,,,0
601,'4616',844,,1511,2,,,0,75,,624,2,,,0,35,,1510,2,,,0,75,,628,2,,,0,75,,1512,2,,,0,35,,629,2,,,0,75,,1513,2,,,0,35,,630,2,,,0,75,,1514,2,,,0,35,,633,2,,,0,75,,1515,2,,,0,75,,635,2,,,0,35,,1516,2,,,0,75,,637,2,,,0,82,,1517,2,,,0,35,,639,2,,,0,75,,1518,2,,,0,44,,1519,2,,,0,65,,1521,2,,,0,36,,1520,2,,,0
601,'4753',631,,1522,2,,,0,70,,1523,2,,,0,623,,1525,2,,,0,35,,1526,2,,,0,75,,1524,2,,,0,267,,1527,2,,,0,35,,1528,2,,,0,75,,1529,2,,,0,44,,1530,2,,,0,69,,1531,2,,,0,32,,1532,2,,,0
601,'4754',844,,1535,2,,,0,98,,1536,2,,,0,164,,1537,2,,,0,124,,1534,2,,,0,124,,1538,2,,,0,164,,1539,2,,,0,124,,1533,2,,,0,164,,1540,2,,,0
601,'4755',844,,1543,2,,,0,98,,1544,2,,,0,164,,1545,2,,,0,124,,1542,2,,,0,124,,1546,2,,,0,164,,1547,2,,,0,124,,1541,2,,,0,164,,1548,2,,,0
601,'4880',734,,1549,2,,,0,75,,1550,2,,,0,35,,1551,2,,,0,75,,1552,2,,,0,35,,1554,2,,,0,75,,1555,2,,,0,75,,1556,2,,,0,35,,1553,2,,,0,75,,1557,2,,,0,35,,1558,2,,,0,260,,1559,2,,,0,35,,1560,2,,,0,75,,1561,2,,,0
601,'4881',631,,1562,2,,,0,70,,1563,2,,,0,623,,1565,2,,,0,35,,1566,2,,,0,75,,1564,2,,,0,267,,1567,2,,,0,35,,1568,2,,,0,75,,1569,2,,,0,44,,1570,2,,,0
