900,'4159',934,,774,16,4,,0,72,,791,16,4,,0,32,,790,16,4,,0,72,,789,16,4,,0,32,,788,16,4,,0,72,,787,16,4,,0,33,,785,16,4,,0,72,,784,16,4,,0,32,,783,16,4,,0,72,,786,16,4,,0,32,,782,16,4,,0,72,,781,16,4,,0,31,,780,16,4,,0,72,,776,16,4,,0,72,,779,16,4,,0,32,,778,16,4,,0,72,,777,16,4,,0,32,,775,16,4,,0
900,'4616',902,,792,16,4,,0,32,,816,16,4,,0,73,,815,16,4,,0,32,,812,16,4,,0,72,,814,16,4,,0,32,,813,16,4,,0,73,,811,16,4,,0,32,,810,16,4,,0,72,,808,16,4,,0,32,,809,16,4,,0,72,,807,16,4,,0,32,,805,16,4,,0,72,,806,16,4,,0,72,,803,16,4,,0,32,,804,16,4,,0,72,,802,16,4,,0,30,,801,16,4,,0,72,,800,16,4,,0,32,,799,16,4,,0,72,,798,16,4,,0,32,,797,16,4,,0,71,,796,16,4,,0,32,,795,16,4,,0,72,,794,16,4,,0,32,,793,16,4,,0
900,'4753',1535,,824,16,4,,0,77,,827,16,4,,0,37,,823,16,4,,0,75,,828,16,4,,0,77,,822,16,4,,0,36,,817,16,4,,0,71,,819,16,4,,0,33,,826,16,4,,0,70,,825,16,4,,0,32,,821,16,4,,0,72,,818,16,4,,0,32,,820,16,4,,0
900,'4754',934,,829,16,4,,0,72,,846,16,4,,0,32,,845,16,4,,0,72,,844,16,4,,0,32,,843,16,4,,0,72,,842,16,4,,0,33,,840,16,4,,0,72,,839,16,4,,0,32,,838,16,4,,0,72,,841,16,4,,0,32,,837,16,4,,0,72,,836,16,4,,0,31,,835,16,4,,0,72,,831,16,4,,0,72,,834,16,4,,0,32,,833,16,4,,0,72,,832,16,4,,0,32,,830,16,4,,0
900,'4755',934,,847,16,4,,0,72,,864,16,4,,0,32,,863,16,4,,0,72,,862,16,4,,0,32,,861,16,4,,0,72,,860,16,4,,0,33,,858,16,4,,0,72,,857,16,4,,0,32,,856,16,4,,0,72,,859,16,4,,0,32,,855,16,4,,0,72,,854,16,4,,0,31,,853,16,4,,0,72,,849,16,4,,0,72,,852,16,4,,0,32,,851,16,4,,0,72,,850,16,4,,0,32,,848,16,4,,0
900,'4880',727,,881,16,4,,0,19,,870,16,4,,0,58,,874,16,4,,0,18,,887,16,4,,0,19,,873,16,4,,0,18,,871,16,4,,0,58,,876,16,4,,0,18,,869,16,4,,0,18,,883,16,4,,0,76,,880,16,4,,0,76,,886,16,4,,0,36,,885,16,4,,0,76,,879,16,4,,0,36,,878,16,4,,0,76,,877,16,4,,0,75,,882,16,4,,0,36,,865,16,4,,0,77,,867,16,4,,0,37,,884,16,4,,0,77,,875,16,4,,0,76,,866,16,4,,0,36,,868,16,4,,0,76,,872,16,4,,0
900,'4881',1535,,892,16,4,,0,77,,894,16,4,,0,37,,891,16,4,,0,75,,895,16,4,,0,77,,890,16,4,,0,36,,888,16,4,,0,71,,889,16,4,,0,33,,893,16,4,,0
901,'4159',907,,908,1,,,0,32,,910,1,,,0,72,,911,1,,,0,32,,897,1,,,0,72,,898,1,,,0,32,,899,1,,,0,72,,900,1,,,0,32,,896,1,,,0,72,,901,1,,,0,32,,902,1,,,0,72,,903,1,,,0,32,,904,1,,,0,72,,905,1,,,0,72,,906,1,,,0,32,,907,1,,,0,72,,912,1,,,0,32,,909,1,,,0,72,,913,1,,,0
901,'4616',835,,914,1,,,0,72,,917,1,,,0,32,,918,1,,,0,72,,915,1,,,0,32,,916,1,,,0,72,,919,1,,,0,32,,920,1,,,0,72,,921,1,,,0,32,,922,1,,,0,72,,923,1,,,0,32,,924,1,,,0,72,,925,1,,,0,32,,926,1,,,0,72,,927,1,,,0,72,,928,1,,,0,32,,929,1,,,0,72,,930,1,,,0,32,,931,1,,,0,72,,932,1,,,0,32,,933,1,,,0,72,,934,1,,,0,32,,936,1,,,0,72,,937,1,,,0,32,,938,1,,,0,72,,935,1,,,0
901,'4753',1504,,950,1,,,0,37,,949,1,,,0,77,,944,1,,,0,37,,943,1,,,0,77,,942,1,,,0,76,,941,1,,,0,33,,940,1,,,0,73,,939,1,,,0,33,,945,1,,,0,72,,946,1,,,0,32,,947,1,,,0,72,,948,1,,,0
901,'4754',907,,963,1,,,0,32,,965,1,,,0,72,,966,1,,,0,32,,952,1,,,0,72,,953,1,,,0,32,,954,1,,,0,72,,955,1,,,0,32,,951,1,,,0,72,,956,1,,,0,32,,957,1,,,0,72,,958,1,,,0,32,,959,1,,,0,72,,960,1,,,0,72,,961,1,,,0,32,,962,1,,,0,72,,967,1,,,0,32,,964,1,,,0,72,,968,1,,,0
901,'4755',907,,981,1,,,0,32,,983,1,,,0,72,,984,1,,,0,32,,970,1,,,0,72,,971,1,,,0,32,,972,1,,,0,72,,973,1,,,0,32,,969,1,,,0,72,,974,1,,,0,32,,975,1,,,0,72,,976,1,,,0,32,,977,1,,,0,72,,978,1,,,0,72,,979,1,,,0,32,,980,1,,,0,72,,985,1,,,0,32,,982,1,,,0,72,,986,1,,,0
901,'4880',700,,987,1,,,0,18,,998,1,,,0,18,,996,1,,,0,18,,1002,1,,,0,58,,997,1,,,0,18,,999,1,,,0,18,,995,1,,,0,58,,1000,1,,,0,18,,1009,1,,,0,35,,1008,1,,,0,76,,992,1,,,0,76,,994,1,,,0,36,,1003,1,,,0,76,,993,1,,,0,36,,991,1,,,0,75,,1004,1,,,0,76,,1005,1,,,0,36,,1007,1,,,0,77,,988,1,,,0,77,,990,1,,,0,37,,989,1,,,0,77,,1001,1,,,0,36,,1006,1,,,0
901,'4881',1504,,1017,1,,,0,37,,1016,1,,,0,77,,1015,1,,,0,37,,1014,1,,,0,77,,1013,1,,,0,76,,1012,1,,,0,33,,1011,1,,,0,73,,1010,1,,,0
