2100,'4159',900,,1746,2,,,0,100,,1748,2,,,0,100,,1747,2,,,0,100,,1749,2,,,0,100,,1744,2,,,0,100,,1743,2,,,0,100,,1745,2,,,0,100,,1750,2,,,0,100,,1751,2,,,0
2100,'4616',800,,1752,2,,,0,100,,1753,2,,,0,102,,1754,2,,,0,102,,1755,2,,,0,103,,1756,2,,,0,102,,1757,2,,,0,101,,1758,2,,,0,101,,1759,2,,,0,101,,1760,2,,,0,100,,1761,2,,,0,100,,1762,2,,,0,100,,1763,2,,,0
2100,'4753',700,,1764,2,,,0,103,,1765,2,,,0,103,,1766,2,,,0,103,,1767,2,,,0,104,,1768,2,,,0,106,,1769,2,,,0,105,,1770,2,,,0,106,,1771,2,,,0,106,,1772,2,,,0,105,,1773,2,,,0,101,,1774,2,,,0,101,,1775,2,,,0,100,,1776,2,,,0,100,,1777,2,,,0
2100,'4881',700,,1778,2,,,0,103,,1779,2,,,0,103,,1780,2,,,0,103,,1781,2,,,0,104,,1782,2,,,0,106,,1783,2,,,0,105,,1784,2,,,0,106,,1785,2,,,0,106,,1786,2,,,0,105,,1787,2,,,0,101,,1788,2,,,0,101,,1789,2,,,0,100,,1790,2,,,0
2200,'4159',922,,1795,2,,,0,100,,1796,2,,,0,100,,1797,2,,,0,100,,1793,2,,,0,100,,1794,2,,,0,100,,1792,2,,,0,100,,1791,2,,,0,100,,1798,2,,,0,100,,1799,2,,,0
2200,'4616',901,,1800,2,,,0,100,,1801,2,,,0,100,,1802,2,,,0,102,,1803,2,,,0,102,,1804,2,,,0,102,,1805,2,,,0,101,,1806,2,,,0,101,,1807,2,,,0,100,,1808,2,,,0,100,,1809,2,,,0,100,,1810,2,,,0
2200,'4753',700,,1811,2,,,0,100,,1812,2,,,0,105,,1813,2,,,0,102,,1814,2,,,0,102,,1815,2,,,0,106,,1816,2,,,0,105,,1817,2,,,0,105,,1818,2,,,0,106,,1819,2,,,0,105,,1820,2,,,0,102,,1821,2,,,0,101,,1822,2,,,0,100,,1823,2,,,0,100,,1824,2,,,0
2200,'4881',700,,1825,2,,,0,100,,1826,2,,,0,105,,1827,2,,,0,102,,1828,2,,,0,102,,1829,2,,,0,106,,1830,2,,,0,105,,1831,2,,,0,105,,1832,2,,,0,106,,1833,2,,,0,105,,1834,2,,,0,102,,1835,2,,,0,101,,1836,2,,,0,100,,1837,2,,,0
2300,'4616',820,,1838,2,,,0,101,,1839,2,,,0,102,,1840,2,,,0,103,,1841,2,,,0,103,,1842,2,,,0,102,,1843,2,,,0,100,,1844,2,,,0,101,,1845,2,,,0,100,,1846,2,,,0,100,,1847,2,,,0,100,,1848,2,,,0
2300,'4753',720,,1849,2,,,0,104,,1850,2,,,0,103,,1851,2,,,0,104,,1852,2,,,0,106,,1853,2,,,0,105,,1854,2,,,0,105,,1855,2,,,0,105,,1856,2,,,0,106,,1857,2,,,0,144,,1858,2,,,0,101,,1859,2,,,0,100,,1860,2,,,0,100,,1861,2,,,0
2300,'4881',720,,1862,2,,,0,104,,1863,2,,,0,103,,1864,2,,,0,104,,1865,2,,,0,106,,1866,2,,,0,105,,1867,2,,,0,105,,1868,2,,,0,105,,1869,2,,,0,106,,1870,2,,,0,144,,1871,2,,,0,101,,1872,2,,,0,100,,1873,2,,,0
2501,'4616',840,,1880,2,,,0,100,,1881,2,,,0,100,,1882,2,,,0,100,,1883,2,,,0,102,,1884,2,,,0,102,,1885,2,,,0,102,,1886,2,,,0,100,,1887,2,,,0,100,,1888,2,,,0,100,,1889,2,,,0,100,,1890,2,,,0
2501,'4753',738,,1891,2,,,0,103,,1892,2,,,0,103,,1893,2,,,0,103,,1894,2,,,0,103,,1895,2,,,0,104,,1896,2,,,0,105,,1897,2,,,0,147,,1898,2,,,0,106,,1899,2,,,0,103,,1900,2,,,0,100,,1901,2,,,0,100,,1902,2,,,0,100,,1903,2,,,0
2501,'4881',738,,1904,2,,,0,103,,1905,2,,,0,103,,1906,2,,,0,103,,1907,2,,,0,103,,1908,2,,,0,104,,1909,2,,,0,105,,1910,2,,,0,147,,1911,2,,,0,106,,1912,2,,,0,103,,1913,2,,,0,100,,1914,2,,,0,100,,1915,2,,,0
4101,'4751',820,,1918,2,,,0,529,,1919,2,,,0
