2100,'4159',917,,1746,21,,,0,100,,1748,21,,,0,101,,1747,21,,,0,100,,1749,21,,,0,100,,1744,21,,,0,99,,1743,21,,,0,100,,1745,21,,,0,100,,1750,21,,,0,99,,1751,21,,,0
2100,'4616',815,,1752,21,,,0,102,,1753,21,,,0,102,,1754,21,,,0,103,,1755,21,,,0,103,,1756,21,,,0,102,,1757,21,,,0,100,,1758,21,,,0,101,,1759,21,,,0,100,,1760,21,,,0,100,,1761,21,,,0,100,,1762,21,,,0,100,,1763,21,,,0
2100,'4753',716,,1764,21,,,0,104,,1765,21,,,0,103,,1766,21,,,0,104,,1767,21,,,0,106,,1768,21,,,0,105,,1769,21,,,0,105,,1770,21,,,0,105,,1771,21,,,0,106,,1772,21,,,0,104,,1773,21,,,0,101,,1774,21,,,0,99,,1775,21,,,0,100,,1776,21,,,0,100,,1777,21,,,0
2100,'4881',716,,1778,21,,,0,104,,1779,21,,,0,103,,1780,21,,,0,104,,1781,21,,,0,106,,1782,21,,,0,105,,1783,21,,,0,105,,1784,21,,,0,105,,1785,21,,,0,106,,1786,21,,,0,104,,1787,21,,,0,101,,1788,21,,,0,99,,1789,21,,,0,100,,1790,21,,,0
2200,'4159',953,,1795,48,,,0,100,,1796,48,,,0,100,,1797,48,,,0,100,,1793,48,,,0,100,,1794,48,,,0,100,,1792,48,,,0,99,,1791,48,,,0,99,,1798,48,,,0,100,,1799,48,,,0
2200,'4616',932,,1800,48,,,0,100,,1801,48,,,0,100,,1802,48,,,0,102,,1803,48,,,0,102,,1804,48,,,0,102,,1805,48,,,0,100,,1806,48,,,0,100,,1807,48,,,0,100,,1808,48,,,0,100,,1809,48,,,0,100,,1810,48,,,0
2200,'4753',730,,1811,48,,,0,103,,1812,48,,,0,103,,1813,48,,,0,102,,1814,48,,,0,102,,1815,48,,,0,106,,1816,48,,,0,105,,1817,48,,,0,107,,1818,48,,,0,145,,1819,48,,,0,103,,1820,48,,,0,101,,1821,48,,,0,101,,1822,48,,,0,99,,1823,48,,,0,100,,1824,48,,,0
2200,'4881',730,,1825,48,,,0,103,,1826,48,,,0,103,,1827,48,,,0,102,,1828,48,,,0,102,,1829,48,,,0,106,,1830,48,,,0,105,,1831,48,,,0,107,,1832,48,,,0,145,,1833,48,,,0,103,,1834,48,,,0,101,,1835,48,,,0,101,,1836,48,,,0,99,,1837,48,,,0
2300,'4616',852,,1838,36,,,0,102,,1839,36,,,0,102,,1840,36,,,0,103,,1841,36,,,0,142,,1842,36,,,0,102,,1843,36,,,0,101,,1844,36,,,0,101,,1845,36,,,0,100,,1846,36,,,0,100,,1847,36,,,0,100,,1848,36,,,0
2300,'4753',753,,1849,36,,,0,105,,1850,36,,,0,143,,1851,36,,,0,104,,1852,36,,,0,106,,1853,36,,,0,105,,1854,36,,,0,105,,1855,36,,,0,106,,1856,36,,,0,105,,1857,36,,,0,102,,1858,36,,,0,101,,1859,36,,,0,100,,1860,36,,,0,100,,1861,36,,,0
2300,'4881',753,,1862,36,,,0,105,,1863,36,,,0,143,,1864,36,,,0,104,,1865,36,,,0,106,,1866,36,,,0,105,,1867,36,,,0,105,,1868,36,,,0,106,,1869,36,,,0,105,,1870,36,,,0,102,,1871,36,,,0,101,,1872,36,,,0,100,,1873,36,,,0
2501,'4616',857,,1880,11,,,0,100,,1881,11,,,0,100,,1882,11,,,0,100,,1883,11,,,0,102,,1884,11,,,0,142,,1885,11,,,0,102,,1886,11,,,0,100,,1887,11,,,0,100,,1888,11,,,0,100,,1889,11,,,0,100,,1890,11,,,0
2501,'4753',755,,1891,11,,,0,103,,1892,11,,,0,143,,1893,11,,,0,103,,1894,11,,,0,103,,1895,11,,,0,104,,1896,11,,,0,105,,1897,11,,,0,107,,1898,11,,,0,106,,1899,11,,,0,103,,1900,11,,,0,100,,1901,11,,,0,100,,1902,11,,,0,100,,1903,11,,,0
2501,'4881',755,,1904,11,,,0,103,,1905,11,,,0,143,,1906,11,,,0,103,,1907,11,,,0,103,,1908,11,,,0,104,,1909,11,,,0,105,,1910,11,,,0,107,,1911,11,,,0,106,,1912,11,,,0,103,,1913,11,,,0,100,,1914,11,,,0,100,,1915,11,,,0
4100,'4751',922,,1916,6,,,0,527,,1917,6,,,0
4200,'4752',1543,,1920,5,0,8 9 10,0
4201,'4752',957,,1921,5,0,8 9 10,0
4300,'4752',1720,,1922,6,0,11 10,0
4301,'4752',1120,,1923,5,0,11 10,0
