701,'4159',822,,1572,29,,,0,221,,1571,29,,,0,262,,1574,29,,,0,219,,1575,29,,,0,219,,1573,29,,,0,110,,1576,29,,,0
701,'4616',823,,1577,29,,,0,110,,1578,29,,,0,110,,1579,29,,,0,109,,1580,29,,,0,151,,1581,29,,,0,108,,1582,29,,,0,112,,1583,29,,,0,110,,1584,29,,,0,120,,1585,29,,,0,149,,1586,29,,,0,119,,1587,29,,,0,120,,1588,29,,,0
701,'4753',711,,1589,29,,,0
701,'4754',822,,1591,29,,,0,221,,1590,29,,,0,262,,1593,29,,,0,219,,1594,29,,,0,219,,1592,29,,,0,110,,1595,29,,,0
701,'4755',822,,1597,29,,,0,221,,1596,29,,,0,262,,1599,29,,,0,219,,1600,29,,,0,219,,1598,29,,,0,110,,1601,29,,,0
701,'4880',831,,725,29,,,0,126,,724,29,,,0,79,,733,29,,,0,95,,727,29,,,0,175,,726,29,,,0,95,,735,29,,,0,41,,729,29,,,0,177,,728,29,,,0,135,,730,29,,,0,170,,731,29,,,0,96,,734,29,,,0,120,,732,29,,,0
701,'4881',711,,1602,29,,,0
801,'4159',930,,1606,22,,,0,220,,1605,22,,,0,260,,1604,22,,,0,220,,1603,22,,,0
801,'4616',857,,741,22,,,0,150,,742,22,,,0,110,,743,22,,,0,110,,744,22,,,0,111,,745,22,,,0,109,,746,22,,,0,109,,747,22,,,0,161,,1607,22,,,0,110,,1608,22,,,0,111,,1609,22,,,0,162,,1610,22,,,0
801,'4753',631,,1611,22,,,0,123,,1612,22,,,0
801,'4754',930,,1616,22,,,0,220,,1615,22,,,0,260,,1614,22,,,0,220,,1613,22,,,0
801,'4755',930,,1620,22,,,0,220,,1619,22,,,0,260,,1618,22,,,0,220,,1617,22,,,0
801,'4880',914,,768,22,,,0,90,,770,22,,,0,41,,771,22,,,0,174,,765,22,,,0,135,,764,22,,,0,176,,763,22,,,0,177,,762,22,,,0,132,,767,22,,,0,164,,766,22,,,0,56,,769,22,,,0
801,'4881',631,,1621,22,,,0,123,,1622,22,,,0
