301,'4159',848,,316,2,,,0,82,,317,2,,,0,82,,318,2,,,0,42,,319,2,,,0,82,,320,2,,,0,82,,321,2,,,0,82,,313,2,,,0,42,,314,2,,,0,82,,315,2,,,0,82,,311,2,,,0,42,,312,2,,,0,82,,307,2,,,0,82,,310,2,,,0,42,,308,2,,,0,82,,309,2,,,0
301,'4616',808,,322,2,,,0,40,,327,2,,,0,80,,323,2,,,0,80,,325,2,,,0,40,,324,2,,,0,80,,326,2,,,0,80,,329,2,,,0,40,,328,2,,,0,80,,330,2,,,0,80,,331,2,,,0,40,,332,2,,,0,80,,333,2,,,0,80,,334,2,,,0,40,,335,2,,,0,80,,336,2,,,0,80,,337,2,,,0,40,,338,2,,,0,80,,339,2,,,0,79,,340,2,,,0,40,,341,2,,,0,80,,342,2,,,0
301,'4753',854,,347,2,,,0,174,,346,2,,,0,126,,345,2,,,0,362,,344,2,,,0,100,,343,2,,,0
301,'4754',848,,357,2,,,0,82,,358,2,,,0,82,,359,2,,,0,42,,360,2,,,0,82,,361,2,,,0,82,,362,2,,,0,82,,354,2,,,0,42,,355,2,,,0,82,,356,2,,,0,82,,352,2,,,0,42,,353,2,,,0,82,,348,2,,,0,82,,351,2,,,0,42,,349,2,,,0,82,,350,2,,,0
301,'4755',848,,372,2,,,0,82,,373,2,,,0,82,,374,2,,,0,42,,375,2,,,0,82,,376,2,,,0,82,,377,2,,,0,82,,369,2,,,0,42,,370,2,,,0,82,,371,2,,,0,82,,367,2,,,0,42,,368,2,,,0,82,,363,2,,,0,82,,366,2,,,0,42,,364,2,,,0,82,,365,2,,,0
301,'4880',606,,378,2,,,0,40,,380,2,,,0,77,,391,2,,,0,91,,392,2,,,0,105,,398,2,,,0,25,,393,2,,,0,166,,390,2,,,0,127,,389,2,,,0,89,,388,2,,,0,25,,397,2,,,0,65,,387,2,,,0,30,,396,2,,,0,100,,394,2,,,0,100,,386,2,,,0,70,,395,2,,,0,38,,385,2,,,0,80,,384,2,,,0,80,,383,2,,,0,42,,382,2,,,0,85,,381,2,,,0,85,,379,2,,,0
301,'4881',854,,403,2,,,0,174,,402,2,,,0,126,,401,2,,,0,362,,400,2,,,0,100,,399,2,,,0
701,'4159',803,,694,2,,,0,220,,693,2,,,0,220,,696,2,,,0,260,,697,2,,,0,220,,695,2,,,0,110,,698,2,,,0
701,'4616',803,,699,2,,,0,110,,700,2,,,0,110,,701,2,,,0,109,,702,2,,,0,111,,703,2,,,0,108,,704,2,,,0,152,,705,2,,,0,110,,706,2,,,0,120,,707,2,,,0,109,,708,2,,,0,159,,709,2,,,0,120,,710,2,,,0
701,'4753',652,,711,2,,,0
701,'4754',803,,713,2,,,0,220,,712,2,,,0,220,,715,2,,,0,260,,716,2,,,0,220,,714,2,,,0,110,,717,2,,,0
701,'4755',803,,719,2,,,0,220,,718,2,,,0,220,,721,2,,,0,260,,722,2,,,0,220,,720,2,,,0,110,,723,2,,,0
701,'4880',810,,725,2,,,0,127,,724,2,,,0,79,,733,2,,,0,95,,727,2,,,0,134,,726,2,,,0,95,,735,2,,,0,80,,729,2,,,0,136,,728,2,,,0,177,,730,2,,,0,171,,731,2,,,0,97,,734,2,,,0,120,,732,2,,,0
701,'4881',652,,736,2,,,0
801,'4159',912,,740,2,,,0,220,,739,2,,,0,220,,738,2,,,0,260,,737,2,,,0
801,'4616',838,,741,2,,,0,110,,742,2,,,0,110,,743,2,,,0,150,,744,2,,,0,111,,745,2,,,0,109,,746,2,,,0,109,,747,2,,,0,121,,748,2,,,0,150,,749,2,,,0,111,,750,2,,,0,122,,751,2,,,0
801,'4753',614,,752,2,,,0,121,,753,2,,,0
801,'4754',912,,757,2,,,0,220,,756,2,,,0,220,,755,2,,,0,260,,754,2,,,0
801,'4755',912,,761,2,,,0,220,,760,2,,,0,220,,759,2,,,0,260,,758,2,,,0
801,'4880',856,,768,2,,,0,89,,770,2,,,0,81,,771,2,,,0,174,,765,2,,,0,135,,764,2,,,0,176,,763,2,,,0,137,,762,2,,,0,173,,767,2,,,0,124,,766,2,,,0,96,,769,2,,,0
801,'4881',614,,772,2,,,0,121,,773,2,,,0
