701,'4159',802,,1572,1,,,0,35,,1572,46,4,,0,185,,1571,1,,,0,37,,1571,46,4,,0,183,,1574,1,,,0,79,,1574,46,4,,0,181,,1575,1,,,0,38,,1575,46,4,,0,182,,1573,1,,,0,37,,1573,46,4,,0,73,,1576,1,,,0,75,,1576,46,4,,0
701,'4616',802,,1577,1,,,0,36,,1577,46,4,,0,74,,1578,1,,,0,36,,1578,46,4,,0,74,,1579,1,,,0,36,,1579,46,4,,0,73,,1580,1,,,0,76,,1580,46,4,,0,35,,1581,1,,,0,76,,1581,46,4,,0,32,,1582,1,,,0,76,,1582,46,4,,0,76,,1583,1,,,0,36,,1583,46,4,,0,74,,1584,1,,,0,36,,1584,46,4,,0,84,,1585,1,,,0,76,,1585,46,4,,0,33,,1586,1,,,0,76,,1586,46,4,,0,83,,1587,1,,,0,36,,1587,46,4,,0,84,,1588,1,,,0,36,,1588,46,4,,0
701,'4753',651,,1589,1,,,0,76,,1589,46,4,,0
701,'4754',802,,1591,1,,,0,35,,1591,46,4,,0,185,,1590,1,,,0,37,,1590,46,4,,0,183,,1593,1,,,0,79,,1593,46,4,,0,181,,1594,1,,,0,38,,1594,46,4,,0,182,,1592,1,,,0,37,,1592,46,4,,0,73,,1595,1,,,0,75,,1595,46,4,,0
701,'4755',802,,1597,1,,,0,35,,1597,46,4,,0,185,,1596,1,,,0,37,,1596,46,4,,0,183,,1599,1,,,0,79,,1599,46,4,,0,181,,1600,1,,,0,38,,1600,46,4,,0,182,,1598,1,,,0,37,,1598,46,4,,0,73,,1601,1,,,0,75,,1601,46,4,,0
701,'4880',809,,725,1,,,0,40,,725,46,4,,0,87,,724,1,,,0,78,,724,46,4,,0,1,,733,1,,,0,39,,733,46,4,,0,56,,727,1,,,0,42,,727,46,4,,0,92,,726,1,,,0,83,,726,46,4,,0,12,,735,1,,,0,80,,729,1,,,0,3,,735,46,4,,0,80,,729,46,4,,0,53,,728,1,,,0,82,,728,46,4,,0,95,,730,1,,,0,78,,730,46,4,,0,93,,731,1,,,0,36,,731,46,4,,0,61,,734,1,,,0,34,,734,46,4,,0,86,,732,1,,,0,33,,732,46,4,,0
701,'4881',651,,1602,1,,,0,76,,1602,46,4,,0
801,'4159',911,,1606,1,,,0,35,,1606,39,4,,0,185,,1605,1,,,0,75,,1605,39,4,,0,145,,1604,1,,,0,75,,1604,39,4,,0,185,,1603,1,,,0,35,,1603,39,4,,0
801,'4616',837,,741,1,,,0,75,,741,39,4,,0,35,,742,1,,,0,75,,742,39,4,,0,35,,743,1,,,0,75,,743,39,4,,0,75,,744,1,,,0,35,,744,39,4,,0,76,,745,1,,,0,35,,745,39,4,,0,74,,746,1,,,0,75,,746,39,4,,0,34,,747,1,,,0,75,,747,39,4,,0,46,,1607,1,,,0,75,,1607,39,4,,0,75,,1608,1,,,0,35,,1608,39,4,,0,76,,1609,1,,,0,35,,1609,39,4,,0,87,,1610,1,,,0,75,,1610,39,4,,0
801,'4753',613,,1611,1,,,0,34,,1611,39,4,,0,87,,1612,1,,,0,78,,1612,39,4,,0
801,'4754',911,,1616,1,,,0,35,,1616,39,4,,0,185,,1615,1,,,0,75,,1615,39,4,,0,145,,1614,1,,,0,75,,1614,39,4,,0,185,,1613,1,,,0,35,,1613,39,4,,0
801,'4755',911,,1620,1,,,0,35,,1620,39,4,,0,185,,1619,1,,,0,75,,1619,39,4,,0,145,,1618,1,,,0,75,,1618,39,4,,0,185,,1617,1,,,0,35,,1617,39,4,,0
801,'4880',855,,768,1,,,0,76,,768,39,4,,0,13,,770,1,,,0,77,,770,39,4,,0,4,,771,1,,,0,79,,771,39,4,,0,54,,765,1,,,0,80,,765,39,4,,0,95,,764,1,,,0,79,,764,39,4,,0,97,,763,1,,,0,39,,763,39,4,,0,98,,762,1,,,0,78,,762,39,4,,0,95,,767,1,,,0,37,,767,39,4,,0,88,,766,1,,,0,74,,766,39,4,,0,22,,769,1,,,0,74,,769,39,4,,0
801,'4881',613,,1621,1,,,0,34,,1621,39,4,,0,87,,1622,1,,,0,78,,1622,39,4,,0
