300,'4159',915,,210,5,,,0,42,,224,5,,,0,82,,223,5,,,0,82,,222,5,,,0,82,,221,5,,,0,42,,214,5,,,0,82,,220,5,,,0,82,,219,5,,,0,42,,218,5,,,0,81,,217,5,,,0,82,,216,5,,,0,42,,215,5,,,0,82,,213,5,,,0,82,,212,5,,,0,82,,211,5,,,0
300,'4616',834,,225,5,,,0,80,,237,5,,,0,40,,242,5,,,0,80,,244,5,,,0,81,,245,5,,,0,40,,243,5,,,0,80,,241,5,,,0,80,,240,5,,,0,41,,239,5,,,0,80,,238,5,,,0,80,,236,5,,,0,39,,235,5,,,0,80,,231,5,,,0,80,,234,5,,,0,40,,233,5,,,0,80,,232,5,,,0,79,,230,5,,,0,40,,229,5,,,0,78,,228,5,,,0,80,,227,5,,,0,40,,226,5,,,0
300,'4753',921,,246,5,,,0,135,,248,5,,,0,166,,249,5,,,0,322,,247,5,,,0,100,,250,5,,,0
300,'4754',915,,251,5,,,0,42,,265,5,,,0,82,,264,5,,,0,82,,263,5,,,0,82,,262,5,,,0,42,,255,5,,,0,82,,261,5,,,0,82,,260,5,,,0,42,,259,5,,,0,81,,258,5,,,0,82,,257,5,,,0,42,,256,5,,,0,82,,254,5,,,0,82,,253,5,,,0,82,,252,5,,,0
300,'4755',915,,266,5,,,0,42,,280,5,,,0,82,,279,5,,,0,82,,278,5,,,0,82,,277,5,,,0,42,,270,5,,,0,82,,276,5,,,0,82,,275,5,,,0,42,,274,5,,,0,81,,273,5,,,0,82,,272,5,,,0,42,,271,5,,,0,82,,269,5,,,0,82,,268,5,,,0,82,,267,5,,,0
300,'4880',632,,293,5,,,0,80,,292,5,,,0,38,,290,5,,,0,91,,288,5,,,0,105,,301,5,,,0,65,,294,5,,,0,127,,296,5,,,0,167,,282,5,,,0,49,,295,5,,,0,65,,300,5,,,0,25,,281,5,,,0,70,,299,5,,,0,100,,291,5,,,0,100,,289,5,,,0,29,,298,5,,,0,78,,297,5,,,0,79,,287,5,,,0,40,,285,5,,,0,82,,284,5,,,0,85,,286,5,,,0,45,,283,5,,,0
300,'4881',921,,302,5,,,0,135,,304,5,,,0,166,,305,5,,,0,322,,303,5,,,0,100,,306,5,,,0
900,'4159',925,,774,7,,,0,32,,791,7,,,0,72,,790,7,,,0,72,,789,7,,,0,32,,788,7,,,0,72,,787,7,,,0,33,,785,7,,,0,72,,784,7,,,0,32,,783,7,,,0,72,,786,7,,,0,32,,782,7,,,0,72,,781,7,,,0,31,,780,7,,,0,72,,776,7,,,0,32,,779,7,,,0,72,,778,7,,,0,32,,777,7,,,0,72,,775,7,,,0
900,'4616',853,,792,7,,,0,72,,816,7,,,0,33,,815,7,,,0,72,,812,7,,,0,72,,814,7,,,0,32,,813,7,,,0,73,,811,7,,,0,32,,810,7,,,0,72,,808,7,,,0,32,,809,7,,,0,72,,807,7,,,0,32,,805,7,,,0,72,,806,7,,,0,32,,803,7,,,0,72,,804,7,,,0,32,,802,7,,,0,70,,801,7,,,0,32,,800,7,,,0,72,,799,7,,,0,72,,798,7,,,0,32,,797,7,,,0,72,,796,7,,,0,32,,795,7,,,0,72,,794,7,,,0,32,,793,7,,,0
900,'4753',1525,,824,7,,,0,77,,827,7,,,0,37,,823,7,,,0,76,,828,7,,,0,37,,822,7,,,0,76,,817,7,,,0,31,,819,7,,,0,73,,826,7,,,0,72,,825,7,,,0,32,,821,7,,,0,72,,818,7,,,0,32,,820,7,,,0
900,'4754',925,,829,7,,,0,32,,846,7,,,0,72,,845,7,,,0,72,,844,7,,,0,32,,843,7,,,0,72,,842,7,,,0,33,,840,7,,,0,72,,839,7,,,0,32,,838,7,,,0,72,,841,7,,,0,32,,837,7,,,0,72,,836,7,,,0,31,,835,7,,,0,72,,831,7,,,0,32,,834,7,,,0,72,,833,7,,,0,32,,832,7,,,0,72,,830,7,,,0
900,'4755',925,,847,7,,,0,32,,864,7,,,0,72,,863,7,,,0,72,,862,7,,,0,32,,861,7,,,0,72,,860,7,,,0,33,,858,7,,,0,72,,857,7,,,0,32,,856,7,,,0,72,,859,7,,,0,32,,855,7,,,0,72,,854,7,,,0,31,,853,7,,,0,72,,849,7,,,0,32,,852,7,,,0,72,,851,7,,,0,32,,850,7,,,0,72,,848,7,,,0
900,'4880',718,,881,7,,,0,19,,870,7,,,0,18,,874,7,,,0,58,,887,7,,,0,19,,873,7,,,0,18,,871,7,,,0,58,,876,7,,,0,18,,869,7,,,0,18,,883,7,,,0,76,,880,7,,,0,36,,886,7,,,0,76,,885,7,,,0,76,,879,7,,,0,36,,878,7,,,0,76,,877,7,,,0,35,,882,7,,,0,76,,865,7,,,0,76,,867,7,,,0,37,,884,7,,,0,77,,875,7,,,0,37,,866,7,,,0,76,,868,7,,,0,76,,872,7,,,0
900,'4881',1525,,892,7,,,0,77,,894,7,,,0,37,,891,7,,,0,76,,895,7,,,0,37,,890,7,,,0,76,,888,7,,,0,31,,889,7,,,0,73,,893,7,,,0
