701,'4159',825,,694,32,,,0,221,,693,32,,,0,262,,696,32,,,0,219,,697,32,,,0,219,,695,32,,,0,110,,698,32,,,0
701,'4616',825,,699,32,,,0,110,,700,32,,,0,110,,701,32,,,0,109,,702,32,,,0,151,,703,32,,,0,108,,704,32,,,0,112,,705,32,,,0,110,,706,32,,,0,120,,707,32,,,0,149,,708,32,,,0,119,,709,32,,,0,120,,710,32,,,0
701,'4753',714,,711,32,,,0
701,'4754',825,,713,32,,,0,221,,712,32,,,0,262,,715,32,,,0,219,,716,32,,,0,219,,714,32,,,0,110,,717,32,,,0
701,'4755',825,,719,32,,,0,221,,718,32,,,0,262,,721,32,,,0,219,,722,32,,,0,219,,720,32,,,0,110,,723,32,,,0
701,'4880',834,,725,32,,,0,166,,724,32,,,0,39,,733,32,,,0,95,,727,32,,,0,175,,726,32,,,0,95,,735,32,,,0,41,,729,32,,,0,177,,728,32,,,0,134,,730,32,,,0,170,,731,32,,,0,96,,734,32,,,0,120,,732,32,,,0
701,'4881',714,,736,32,,,0
801,'4159',933,,740,25,,,0,220,,739,25,,,0,260,,738,25,,,0,220,,737,25,,,0
801,'4616',859,,741,25,,,0,150,,742,25,,,0,110,,743,25,,,0,110,,744,25,,,0,111,,745,25,,,0,109,,746,25,,,0,109,,747,25,,,0,161,,748,25,,,0,110,,749,25,,,0,111,,750,25,,,0,162,,751,25,,,0
801,'4753',634,,752,25,,,0,123,,753,25,,,0
801,'4754',933,,757,25,,,0,220,,756,25,,,0,260,,755,25,,,0,220,,754,25,,,0
801,'4755',933,,761,25,,,0,220,,760,25,,,0,260,,759,25,,,0,220,,758,25,,,0
801,'4880',917,,768,25,,,0,90,,770,25,,,0,41,,771,25,,,0,174,,765,25,,,0,135,,764,25,,,0,176,,763,25,,,0,177,,762,25,,,0,132,,767,25,,,0,164,,766,25,,,0,96,,769,25,,,0
801,'4881',634,,772,25,,,0,123,,773,25,,,0
