701,'4159',831,,694,39,,,0,221,,693,39,,,0,262,,696,39,,,0,219,,697,39,,,0,219,,695,39,,,0,150,,698,39,,,0
701,'4616',831,,699,39,,,0,110,,700,39,,,0,110,,701,39,,,0,149,,702,39,,,0,111,,703,39,,,0,108,,704,39,,,0,112,,705,39,,,0,110,,706,39,,,0,160,,707,39,,,0,109,,708,39,,,0,119,,709,39,,,0,120,,710,39,,,0
701,'4753',720,,711,39,,,0
701,'4754',831,,713,39,,,0,221,,712,39,,,0,262,,715,39,,,0,219,,716,39,,,0,219,,714,39,,,0,150,,717,39,,,0
701,'4755',831,,719,39,,,0,221,,718,39,,,0,262,,721,39,,,0,219,,722,39,,,0,219,,720,39,,,0,150,,723,39,,,0
701,'4880',841,,725,39,,,0,166,,724,39,,,0,39,,733,39,,,0,96,,727,39,,,0,175,,726,39,,,0,95,,735,39,,,0,41,,729,39,,,0,176,,728,39,,,0,174,,730,39,,,0,129,,731,39,,,0,96,,734,39,,,0,120,,732,39,,,0
701,'4881',720,,736,39,,,0
801,'4159',939,,740,32,,,0,220,,739,32,,,0,260,,738,32,,,0,220,,737,32,,,0
801,'4616',905,,741,32,,,0,110,,742,32,,,0,110,,743,32,,,0,110,,744,32,,,0,111,,745,32,,,0,109,,746,32,,,0,149,,747,32,,,0,121,,748,32,,,0,110,,749,32,,,0,111,,750,32,,,0,162,,751,32,,,0
801,'4753',640,,752,32,,,0,165,,753,32,,,0
801,'4754',939,,757,32,,,0,220,,756,32,,,0,260,,755,32,,,0,220,,754,32,,,0
801,'4755',939,,761,32,,,0,220,,760,32,,,0,260,,759,32,,,0,220,,758,32,,,0
801,'4880',924,,768,32,,,0,90,,770,32,,,0,42,,771,32,,,0,174,,765,32,,,0,174,,764,32,,,0,136,,763,32,,,0,177,,762,32,,,0,132,,767,32,,,0,163,,766,32,,,0,96,,769,32,,,0
801,'4881',640,,772,32,,,0,165,,773,32,,,0
