701,'4159',823,,1572,30,,,0,221,,1571,30,,,0,262,,1574,30,,,0,219,,1575,30,,,0,219,,1573,30,,,0,110,,1576,30,,,0
701,'4616',824,,1577,30,,,0,110,,1578,30,,,0,110,,1579,30,,,0,109,,1580,30,,,0,151,,1581,30,,,0,108,,1582,30,,,0,112,,1583,30,,,0,110,,1584,30,,,0,120,,1585,30,,,0,149,,1586,30,,,0,119,,1587,30,,,0,120,,1588,30,,,0
701,'4753',712,,1589,30,,,0
701,'4754',823,,1591,30,,,0,221,,1590,30,,,0,262,,1593,30,,,0,219,,1594,30,,,0,219,,1592,30,,,0,110,,1595,30,,,0
701,'4755',823,,1597,30,,,0,221,,1596,30,,,0,262,,1599,30,,,0,219,,1600,30,,,0,219,,1598,30,,,0,110,,1601,30,,,0
701,'4880',832,,725,30,,,0,126,,724,30,,,0,79,,733,30,,,0,95,,727,30,,,0,175,,726,30,,,0,95,,735,30,,,0,41,,729,30,,,0,177,,728,30,,,0,135,,730,30,,,0,170,,731,30,,,0,96,,734,30,,,0,120,,732,30,,,0
701,'4881',712,,1602,30,,,0
801,'4159',931,,1606,23,,,0,220,,1605,23,,,0,260,,1604,23,,,0,220,,1603,23,,,0
801,'4616',858,,741,23,,,0,150,,742,23,,,0,110,,743,23,,,0,110,,744,23,,,0,111,,745,23,,,0,109,,746,23,,,0,109,,747,23,,,0,161,,1607,23,,,0,110,,1608,23,,,0,111,,1609,23,,,0,162,,1610,23,,,0
801,'4753',632,,1611,23,,,0,123,,1612,23,,,0
801,'4754',931,,1616,23,,,0,220,,1615,23,,,0,260,,1614,23,,,0,220,,1613,23,,,0
801,'4755',931,,1620,23,,,0,220,,1619,23,,,0,260,,1618,23,,,0,220,,1617,23,,,0
801,'4880',915,,768,23,,,0,90,,770,23,,,0,41,,771,23,,,0,174,,765,23,,,0,135,,764,23,,,0,176,,763,23,,,0,177,,762,23,,,0,132,,767,23,,,0,164,,766,23,,,0,96,,769,23,,,0
801,'4881',632,,1621,23,,,0,123,,1622,23,,,0
