201,'4159',846,,99,15,,,0,73,,100,15,,,0,32,,101,15,,,0,72,,1173,15,,,0,32,,105,15,,,0,71,,1174,15,,,0,32,,91,15,,,0,72,,1172,15,,,0,105,,93,15,,,0,104,,94,15,,,0,104,,95,15,,,0,103,,96,15,,,0,73,,97,15,,,0,32,,98,15,,,0,72,,102,15,,,0
201,'4616',846,,1175,15,,,0,73,,107,15,,,0,32,,1176,15,,,0,72,,109,15,,,0,32,,1177,15,,,0,72,,112,15,,,0,32,,1178,15,,,0,72,,113,15,,,0,72,,1179,15,,,0,32,,115,15,,,0,72,,1180,15,,,0,32,,116,15,,,0,74,,1181,15,,,0,30,,1182,15,,,0,72,,1183,15,,,0,31,,1184,15,,,0,72,,1186,15,,,0,32,,1185,15,,,0,72,,1187,15,,,0,32,,1189,15,,,0,72,,1188,15,,,0,32,,1190,15,,,0,72,,1191,15,,,0,74,,129,15,,,0,30,,1192,15,,,0
201,'4753',712,,1193,15,,,0,32,,1194,15,,,0,72,,1195,15,,,0,31,,1196,15,,,0,73,,1197,15,,,0,32,,1198,15,,,0,72,,1199,15,,,0,32,,1200,15,,,0,72,,1201,15,,,0,72,,1202,15,,,0,32,,1203,15,,,0,72,,1204,15,,,0,32,,1205,15,,,0,72,,1206,15,,,0,311,,1207,15,,,0,32,,1208,15,,,0,72,,1209,15,,,0,32,,1210,15,,,0,72,,1211,15,,,0,31,,1212,15,,,0,72,,1213,15,,,0,74,,1214,15,,,0,30,,1215,15,,,0
201,'4754',846,,162,15,,,0,73,,163,15,,,0,32,,164,15,,,0,72,,1217,15,,,0,32,,168,15,,,0,71,,1218,15,,,0,32,,154,15,,,0,72,,1216,15,,,0,105,,156,15,,,0,104,,157,15,,,0,104,,158,15,,,0,103,,159,15,,,0,73,,160,15,,,0,32,,161,15,,,0,72,,165,15,,,0
201,'4755',846,,177,15,,,0,73,,178,15,,,0,32,,179,15,,,0,72,,1220,15,,,0,32,,183,15,,,0,71,,1221,15,,,0,32,,169,15,,,0,72,,1219,15,,,0,105,,171,15,,,0,104,,172,15,,,0,104,,173,15,,,0,103,,174,15,,,0,73,,175,15,,,0,32,,176,15,,,0,72,,180,15,,,0
201,'4880',635,,1222,15,,,0,805,,185,15,,,0,72,,186,15,,,0,32,,187,15,,,0,72,,188,15,,,0,31,,189,15,,,0
201,'4881',712,,1223,15,,,0,32,,1224,15,,,0,72,,1225,15,,,0,31,,1226,15,,,0,73,,1227,15,,,0,32,,1228,15,,,0,72,,1229,15,,,0,32,,1230,15,,,0,72,,1231,15,,,0,72,,1232,15,,,0,32,,1233,15,,,0,72,,1234,15,,,0,32,,1235,15,,,0,72,,1236,15,,,0,311,,1237,15,,,0,32,,1238,15,,,0,72,,1239,15,,,0,32,,1240,15,,,0,72,,1241,15,,,0,31,,1242,15,,,0
300,'4159',911,,1243,2,,,0,42,,224,2,,,0,82,,1250,2,,,0,82,,222,2,,,0,42,,1249,2,,,0,82,,214,2,,,0,82,,1248,2,,,0,82,,219,2,,,0,42,,1247,2,,,0,81,,217,2,,,0,82,,1246,2,,,0,42,,215,2,,,0,82,,1245,2,,,0,82,,212,2,,,0,42,,1244,2,,,0
300,'4616',831,,1251,2,,,0,80,,1254,2,,,0,40,,1259,2,,,0,80,,1261,2,,,0,80,,1262,2,,,0,40,,1260,2,,,0,80,,1258,2,,,0,80,,1257,2,,,0,41,,1256,2,,,0,80,,1255,2,,,0,80,,1253,2,,,0,39,,235,2,,,0,80,,1252,2,,,0,80,,234,2,,,0,40,,233,2,,,0,80,,232,2,,,0,79,,230,2,,,0,40,,229,2,,,0,79,,228,2,,,0,80,,227,2,,,0,40,,226,2,,,0
300,'4753',917,,1263,2,,,0,135,,1265,2,,,0,166,,1266,2,,,0,322,,1264,2,,,0,100,,1267,2,,,0
300,'4754',911,,1268,2,,,0,42,,265,2,,,0,82,,1275,2,,,0,82,,263,2,,,0,42,,1274,2,,,0,82,,255,2,,,0,82,,1273,2,,,0,82,,260,2,,,0,42,,1272,2,,,0,81,,258,2,,,0,82,,1271,2,,,0,42,,256,2,,,0,82,,1270,2,,,0,82,,253,2,,,0,42,,1269,2,,,0
300,'4755',911,,1276,2,,,0,42,,1285,2,,,0,82,,1284,2,,,0,82,,1283,2,,,0,42,,1282,2,,,0,82,,270,2,,,0,82,,1281,2,,,0,82,,275,2,,,0,42,,1280,2,,,0,81,,273,2,,,0,82,,1279,2,,,0,42,,271,2,,,0,82,,1278,2,,,0,82,,268,2,,,0,42,,1277,2,,,0
300,'4880',628,,293,2,,,0,80,,292,2,,,0,38,,290,2,,,0,91,,288,2,,,0,105,,301,2,,,0,65,,294,2,,,0,127,,296,2,,,0,167,,282,2,,,0,49,,1288,2,,,0,65,,300,2,,,0,25,,281,2,,,0,70,,299,2,,,0,100,,291,2,,,0,100,,289,2,,,0,29,,298,2,,,0,78,,297,2,,,0,39,,287,2,,,0,80,,285,2,,,0,82,,1287,2,,,0,85,,286,2,,,0,45,,1286,2,,,0
300,'4881',917,,1289,2,,,0,135,,1291,2,,,0,166,,1292,2,,,0,322,,1290,2,,,0,100,,1293,2,,,0
