701,'4159',821,,1572,26,,,0,221,,1571,26,,,0,261,,1574,26,,,0,220,,1575,26,,,0,219,,1573,26,,,0,110,,1576,26,,,0
701,'4616',822,,1577,26,,,0,110,,1578,26,,,0,110,,1579,26,,,0,109,,1580,26,,,0,151,,1581,26,,,0,108,,1582,26,,,0,112,,1583,26,,,0,110,,1584,26,,,0,120,,1585,26,,,0,149,,1586,26,,,0,119,,1587,26,,,0,120,,1588,26,,,0
701,'4753',710,,1589,26,,,0
701,'4754',821,,1591,26,,,0,221,,1590,26,,,0,261,,1593,26,,,0,220,,1594,26,,,0,219,,1592,26,,,0,110,,1595,26,,,0
701,'4755',821,,1597,26,,,0,221,,1596,26,,,0,261,,1599,26,,,0,220,,1600,26,,,0,219,,1598,26,,,0,110,,1601,26,,,0
701,'4880',830,,725,26,,,0,126,,724,26,,,0,79,,733,26,,,0,95,,727,26,,,0,174,,726,26,,,0,55,,735,26,,,0,81,,729,26,,,0,177,,728,26,,,0,136,,730,26,,,0,170,,731,26,,,0,96,,734,26,,,0,120,,732,26,,,0
701,'4881',710,,1602,26,,,0
801,'4159',929,,1606,19,,,0,220,,1605,19,,,0,260,,1604,19,,,0,220,,1603,19,,,0
801,'4616',856,,741,19,,,0,150,,742,19,,,0,110,,743,19,,,0,110,,744,19,,,0,111,,745,19,,,0,109,,746,19,,,0,109,,747,19,,,0,161,,1607,19,,,0,110,,1608,19,,,0,111,,1609,19,,,0,122,,1610,19,,,0
801,'4753',630,,1611,19,,,0,122,,1612,19,,,0
801,'4754',929,,1616,19,,,0,220,,1615,19,,,0,260,,1614,19,,,0,220,,1613,19,,,0
801,'4755',929,,1620,19,,,0,220,,1619,19,,,0,260,,1618,19,,,0,220,,1617,19,,,0
801,'4880',913,,768,19,,,0,89,,770,19,,,0,41,,771,19,,,0,174,,765,19,,,0,135,,764,19,,,0,176,,763,19,,,0,177,,762,19,,,0,133,,767,19,,,0,164,,766,19,,,0,56,,769,19,,,0
801,'4881',630,,1621,19,,,0,122,,1622,19,,,0
