1019,'4159',1202,,5,6,4,,0,110,,2,6,4,,0,110,,4,6,4,,0,110,,3,6,4,,0,110,,1,6,4,,0
1019,'4616',834,,13,6,4,,0,108,,15,6,4,,0,110,,14,6,4,,0,150,,12,6,4,,0,110,,8,6,4,,0,111,,11,6,4,,0,110,,10,6,4,,0,111,,9,6,4,,0,160,,7,6,4,,0,110,,6,6,4,,0
1019,'4753',839,,23,6,4,,0,105,,22,6,4,,0,110,,21,6,4,,0,150,,20,6,4,,0,110,,19,6,4,,0,110,,18,6,4,,0,113,,17,6,4,,0,108,,16,6,4,,0
1019,'4754',1202,,28,6,4,,0,110,,25,6,4,,0,110,,27,6,4,,0,110,,26,6,4,,0,110,,24,6,4,,0
1019,'4755',1202,,33,6,4,,0,110,,30,6,4,,0,110,,32,6,4,,0,110,,31,6,4,,0,110,,29,6,4,,0
1019,'4880',654,,37,6,4,,0,101,,34,6,4,,0,1049,,36,6,4,,0,109,,35,6,4,,0
1019,'4881',839,,45,6,4,,0,105,,44,6,4,,0,110,,43,6,4,,0,150,,42,6,4,,0,110,,41,6,4,,0,110,,40,6,4,,0,113,,39,6,4,,0,108,,38,6,4,,0
1029,'4159',1131,,48,1,,,0,110,,49,1,,,0,110,,46,1,,,0,150,,50,1,,,0,110,,47,1,,,0
1029,'4616',803,,51,1,,,0,108,,52,1,,,0,110,,53,1,,,0,110,,54,1,,,0,110,,55,1,,,0,110,,56,1,,,0,150,,57,1,,,0,110,,58,1,,,0,121,,59,1,,,0,110,,60,1,,,0
1029,'4753',803,,61,1,,,0,109,,62,1,,,0,109,,63,1,,,0,110,,64,1,,,0,110,,65,1,,,0,110,,66,1,,,0,151,,67,1,,,0,109,,68,1,,,0
1029,'4754',1131,,71,1,,,0,110,,72,1,,,0,110,,69,1,,,0,150,,73,1,,,0,110,,70,1,,,0
1029,'4755',1131,,76,1,,,0,110,,77,1,,,0,110,,74,1,,,0,150,,78,1,,,0,110,,75,1,,,0
1029,'4880',622,,79,1,,,0,100,,80,1,,,0,1010,,81,1,,,0,110,,82,1,,,0
1029,'4881',803,,83,1,,,0,109,,84,1,,,0,109,,85,1,,,0,110,,86,1,,,0,110,,87,1,,,0,110,,88,1,,,0,151,,89,1,,,0,109,,90,1,,,0
400,'4159',842,,411,1,,,0,61,,411,25,4,,0,49,,412,1,,,0,61,,412,25,4,,0,89,,406,1,,,0,21,,406,25,4,,0,89,,405,1,,,0,21,,405,25,4,,0,89,,408,1,,,0,21,,408,25,4,,0,89,,404,1,,,0,21,,404,25,4,,0,89,,407,1,,,0,61,,407,25,4,,0,49,,409,1,,,0,61,,409,25,4,,0,89,,410,1,,,0,21,,410,25,4,,0
400,'4616',842,,413,1,,,0,61,,413,25,4,,0,49,,414,1,,,0,61,,414,25,4,,0,89,,415,1,,,0,21,,415,25,4,,0,89,,416,1,,,0,22,,416,25,4,,0,88,,417,1,,,0,22,,417,25,4,,0,88,,418,1,,,0,22,,418,25,4,,0,88,,419,1,,,0,62,,419,25,4,,0,96,,420,1,,,0,22,,420,25,4,,0,91,,421,1,,,0,21,,421,25,4,,0,87,,422,1,,,0,21,,422,25,4,,0,87,,423,1,,,0,21,,423,25,4,,0
400,'4753',633,,424,1,,,0,21,,424,25,4,,0,81,,425,1,,,0,24,,425,25,4,,0,86,,426,1,,,0,62,,426,25,4,,0,45,,427,1,,,0,62,,427,25,4,,0,88,,428,1,,,0,23,,428,25,4,,0,87,,429,1,,,0,23,,429,25,4,,0,87,,430,1,,,0,23,,430,25,4,,0,87,,431,1,,,0,25,,431,25,4,,0,86,,432,1,,,0,63,,432,25,4,,0,423,,433,1,,,0,21,,433,25,4,,0
400,'4754',842,,441,1,,,0,61,,441,25,4,,0,49,,442,1,,,0,61,,442,25,4,,0,89,,436,1,,,0,21,,436,25,4,,0,89,,435,1,,,0,21,,435,25,4,,0,89,,438,1,,,0,21,,438,25,4,,0,89,,434,1,,,0,21,,434,25,4,,0,89,,437,1,,,0,61,,437,25,4,,0,49,,439,1,,,0,61,,439,25,4,,0,89,,440,1,,,0,21,,440,25,4,,0
400,'4755',842,,450,1,,,0,61,,450,25,4,,0,49,,451,1,,,0,61,,451,25,4,,0,89,,445,1,,,0,21,,445,25,4,,0,89,,444,1,,,0,21,,444,25,4,,0,89,,447,1,,,0,21,,447,25,4,,0,89,,443,1,,,0,21,,443,25,4,,0,89,,446,1,,,0,61,,446,25,4,,0,49,,448,1,,,0,61,,448,25,4,,0,89,,449,1,,,0,21,,449,25,4,,0
400,'4880',658,,452,1,,,0,61,,452,25,4,,0,935,,454,1,,,0,62,,454,25,4,,0,98,,453,1,,,0,22,,453,25,4,,0,85,,455,1,,,0,21,,455,25,4,,0
400,'4881',633,,456,1,,,0,21,,456,25,4,,0,81,,457,1,,,0,24,,457,25,4,,0,86,,458,1,,,0,62,,458,25,4,,0,45,,459,1,,,0,62,,459,25,4,,0,88,,460,1,,,0,23,,460,25,4,,0,87,,461,1,,,0,23,,461,25,4,,0,87,,462,1,,,0,23,,462,25,4,,0,87,,463,1,,,0,25,,463,25,4,,0,86,,464,1,,,0,63,,464,25,4,,0
