701,'4159',827,,1572,34,,,0,221,,1571,34,,,0,261,,1574,34,,,0,220,,1575,34,,,0,219,,1573,34,,,0,110,,1576,34,,,0
701,'4616',827,,1577,34,,,0,110,,1578,34,,,0,110,,1579,34,,,0,109,,1580,34,,,0,151,,1581,34,,,0,108,,1582,34,,,0,112,,1583,34,,,0,110,,1584,34,,,0,120,,1585,34,,,0,149,,1586,34,,,0,119,,1587,34,,,0,120,,1588,34,,,0
701,'4753',716,,1589,34,,,0
701,'4754',827,,1591,34,,,0,221,,1590,34,,,0,261,,1593,34,,,0,220,,1594,34,,,0,219,,1592,34,,,0,110,,1595,34,,,0
701,'4755',827,,1597,34,,,0,221,,1596,34,,,0,261,,1599,34,,,0,220,,1600,34,,,0,219,,1598,34,,,0,110,,1601,34,,,0
701,'4880',836,,725,34,,,0,166,,724,34,,,0,39,,733,34,,,0,95,,727,34,,,0,174,,726,34,,,0,95,,735,34,,,0,41,,729,34,,,0,177,,728,34,,,0,135,,730,34,,,0,170,,731,34,,,0,96,,734,34,,,0,120,,732,34,,,0
701,'4881',716,,1602,34,,,0
801,'4159',935,,1606,27,,,0,220,,1605,27,,,0,260,,1604,27,,,0,220,,1603,27,,,0
801,'4616',901,,741,27,,,0,110,,742,27,,,0,110,,743,27,,,0,110,,744,27,,,0,111,,745,27,,,0,109,,746,27,,,0,149,,747,27,,,0,121,,1607,27,,,0,110,,1608,27,,,0,111,,1609,27,,,0,162,,1610,27,,,0
801,'4753',636,,1611,27,,,0,123,,1612,27,,,0
801,'4754',935,,1616,27,,,0,220,,1615,27,,,0,260,,1614,27,,,0,220,,1613,27,,,0
801,'4755',935,,1620,27,,,0,220,,1619,27,,,0,260,,1618,27,,,0,220,,1617,27,,,0
801,'4880',919,,768,27,,,0,89,,770,27,,,0,41,,771,27,,,0,174,,765,27,,,0,135,,764,27,,,0,176,,763,27,,,0,177,,762,27,,,0,133,,767,27,,,0,164,,766,27,,,0,96,,769,27,,,0
801,'4881',636,,1621,27,,,0,123,,1622,27,,,0
