701,'4159',827,,1572,35,,,0,221,,1571,35,,,0,262,,1574,35,,,0,219,,1575,35,,,0,219,,1573,35,,,0,110,,1576,35,,,0
701,'4616',827,,1577,35,,,0,110,,1578,35,,,0,110,,1579,35,,,0,109,,1580,35,,,0,151,,1581,35,,,0,108,,1582,35,,,0,112,,1583,35,,,0,110,,1584,35,,,0,120,,1585,35,,,0,149,,1586,35,,,0,119,,1587,35,,,0,120,,1588,35,,,0
701,'4753',716,,1589,35,,,0
701,'4754',827,,1591,35,,,0,221,,1590,35,,,0,262,,1593,35,,,0,219,,1594,35,,,0,219,,1592,35,,,0,110,,1595,35,,,0
701,'4755',827,,1597,35,,,0,221,,1596,35,,,0,262,,1599,35,,,0,219,,1600,35,,,0,219,,1598,35,,,0,110,,1601,35,,,0
701,'4880',836,,725,35,,,0,166,,724,35,,,0,39,,733,35,,,0,95,,727,35,,,0,175,,726,35,,,0,95,,735,35,,,0,41,,729,35,,,0,177,,728,35,,,0,134,,730,35,,,0,170,,731,35,,,0,96,,734,35,,,0,120,,732,35,,,0
701,'4881',716,,1602,35,,,0
801,'4159',935,,1606,28,,,0,220,,1605,28,,,0,260,,1604,28,,,0,220,,1603,28,,,0
801,'4616',901,,741,28,,,0,110,,742,28,,,0,110,,743,28,,,0,110,,744,28,,,0,111,,745,28,,,0,109,,746,28,,,0,149,,747,28,,,0,121,,1607,28,,,0,110,,1608,28,,,0,111,,1609,28,,,0,162,,1610,28,,,0
801,'4753',636,,1611,28,,,0,164,,1612,28,,,0
801,'4754',935,,1616,28,,,0,220,,1615,28,,,0,260,,1614,28,,,0,220,,1613,28,,,0
801,'4755',935,,1620,28,,,0,220,,1619,28,,,0,260,,1618,28,,,0,220,,1617,28,,,0
801,'4880',919,,768,28,,,0,90,,770,28,,,0,41,,771,28,,,0,174,,765,28,,,0,135,,764,28,,,0,176,,763,28,,,0,177,,762,28,,,0,132,,767,28,,,0,164,,766,28,,,0,96,,769,28,,,0
801,'4881',636,,1621,28,,,0,164,,1622,28,,,0
