301,'4159',909,,316,17,,,0,42,,317,17,,,0,82,,318,17,,,0,82,,319,17,,,0,42,,320,17,,,0,82,,321,17,,,0,82,,313,17,,,0,82,,314,17,,,0,42,,315,17,,,0,82,,311,17,,,0,82,,312,17,,,0,42,,307,17,,,0,82,,310,17,,,0,82,,308,17,,,0,42,,309,17,,,0
301,'4616',829,,322,17,,,0,80,,327,17,,,0,40,,323,17,,,0,80,,325,17,,,0,80,,324,17,,,0,40,,326,17,,,0,80,,329,17,,,0,80,,328,17,,,0,41,,330,17,,,0,80,,331,17,,,0,80,,332,17,,,0,39,,333,17,,,0,80,,334,17,,,0,80,,335,17,,,0,40,,336,17,,,0,80,,337,17,,,0,79,,338,17,,,0,40,,339,17,,,0,79,,340,17,,,0,80,,341,17,,,0,40,,342,17,,,0
301,'4753',915,,347,17,,,0,135,,346,17,,,0,166,,345,17,,,0,322,,344,17,,,0,100,,343,17,,,0
301,'4754',909,,357,17,,,0,42,,358,17,,,0,82,,359,17,,,0,82,,360,17,,,0,42,,361,17,,,0,82,,362,17,,,0,82,,354,17,,,0,82,,355,17,,,0,42,,356,17,,,0,82,,352,17,,,0,82,,353,17,,,0,42,,348,17,,,0,82,,351,17,,,0,82,,349,17,,,0,42,,350,17,,,0
301,'4755',909,,372,17,,,0,42,,373,17,,,0,82,,374,17,,,0,82,,375,17,,,0,42,,376,17,,,0,82,,377,17,,,0,82,,369,17,,,0,82,,370,17,,,0,42,,371,17,,,0,82,,367,17,,,0,82,,368,17,,,0,42,,363,17,,,0,82,,366,17,,,0,82,,364,17,,,0,42,,365,17,,,0
301,'4880',626,,378,17,,,0,80,,380,17,,,0,38,,391,17,,,0,91,,392,17,,,0,105,,398,17,,,0,65,,393,17,,,0,127,,390,17,,,0,127,,389,17,,,0,89,,388,17,,,0,65,,397,17,,,0,25,,387,17,,,0,70,,396,17,,,0,100,,394,17,,,0,100,,386,17,,,0,29,,395,17,,,0,78,,385,17,,,0,39,,384,17,,,0,80,,383,17,,,0,82,,382,17,,,0,85,,381,17,,,0,45,,379,17,,,0
301,'4881',915,,403,17,,,0,135,,402,17,,,0,166,,401,17,,,0,322,,400,17,,,0,100,,399,17,,,0
901,'4159',921,,908,12,,,0,32,,910,12,,,0,72,,911,12,,,0,32,,897,12,,,0,72,,898,12,,,0,72,,899,12,,,0,33,,900,12,,,0,72,,896,12,,,0,32,,901,12,,,0,72,,902,12,,,0,32,,903,12,,,0,72,,904,12,,,0,31,,905,12,,,0,72,,906,12,,,0,32,,907,12,,,0,72,,912,12,,,0,32,,909,12,,,0,72,,913,12,,,0
901,'4616',849,,914,12,,,0,72,,917,12,,,0,33,,918,12,,,0,72,,915,12,,,0,32,,916,12,,,0,72,,919,12,,,0,72,,920,12,,,0,32,,921,12,,,0,72,,922,12,,,0,32,,923,12,,,0,72,,924,12,,,0,32,,925,12,,,0,72,,926,12,,,0,32,,927,12,,,0,72,,928,12,,,0,32,,929,12,,,0,71,,930,12,,,0,32,,931,12,,,0,72,,932,12,,,0,32,,933,12,,,0,72,,934,12,,,0,72,,936,12,,,0,32,,937,12,,,0,72,,938,12,,,0,32,,935,12,,,0
901,'4753',1520,,950,12,,,0,37,,949,12,,,0,77,,944,12,,,0,76,,943,12,,,0,37,,942,12,,,0,76,,941,12,,,0,32,,940,12,,,0,73,,939,12,,,0,72,,945,12,,,0,32,,946,12,,,0,72,,947,12,,,0,32,,948,12,,,0
901,'4754',921,,963,12,,,0,32,,965,12,,,0,72,,966,12,,,0,32,,952,12,,,0,72,,953,12,,,0,72,,954,12,,,0,33,,955,12,,,0,72,,951,12,,,0,32,,956,12,,,0,72,,957,12,,,0,32,,958,12,,,0,72,,959,12,,,0,31,,960,12,,,0,72,,961,12,,,0,32,,962,12,,,0,72,,967,12,,,0,32,,964,12,,,0,72,,968,12,,,0
901,'4755',921,,981,12,,,0,32,,983,12,,,0,72,,984,12,,,0,32,,970,12,,,0,72,,971,12,,,0,72,,972,12,,,0,33,,973,12,,,0,72,,969,12,,,0,32,,974,12,,,0,72,,975,12,,,0,32,,976,12,,,0,72,,977,12,,,0,31,,978,12,,,0,72,,979,12,,,0,32,,980,12,,,0,72,,985,12,,,0,32,,982,12,,,0,72,,986,12,,,0
901,'4880',714,,987,12,,,0,18,,998,12,,,0,18,,996,12,,,0,58,,1002,12,,,0,19,,997,12,,,0,18,,999,12,,,0,58,,995,12,,,0,18,,1000,12,,,0,18,,1009,12,,,0,76,,1008,12,,,0,36,,992,12,,,0,76,,994,12,,,0,76,,1003,12,,,0,36,,993,12,,,0,76,,991,12,,,0,35,,1004,12,,,0,76,,1005,12,,,0,76,,1007,12,,,0,37,,988,12,,,0,77,,990,12,,,0,37,,989,12,,,0,76,,1001,12,,,0,76,,1006,12,,,0
901,'4881',1520,,1017,12,,,0,37,,1016,12,,,0,77,,1015,12,,,0,76,,1014,12,,,0,37,,1013,12,,,0,76,,1012,12,,,0,32,,1011,12,,,0,73,,1010,12,,,0
