701,'4159',829,,694,37,,,0,221,,693,37,,,0,262,,696,37,,,0,219,,697,37,,,0,219,,695,37,,,0,150,,698,37,,,0
701,'4616',829,,699,37,,,0,110,,700,37,,,0,110,,701,37,,,0,109,,702,37,,,0,151,,703,37,,,0,108,,704,37,,,0,112,,705,37,,,0,110,,706,37,,,0,120,,707,37,,,0,149,,708,37,,,0,119,,709,37,,,0,120,,710,37,,,0
701,'4753',718,,711,37,,,0
701,'4754',829,,713,37,,,0,221,,712,37,,,0,262,,715,37,,,0,219,,716,37,,,0,219,,714,37,,,0,150,,717,37,,,0
701,'4755',829,,719,37,,,0,221,,718,37,,,0,262,,721,37,,,0,219,,722,37,,,0,219,,720,37,,,0,150,,723,37,,,0
701,'4880',838,,725,37,,,0,166,,724,37,,,0,39,,733,37,,,0,95,,727,37,,,0,175,,726,37,,,0,95,,735,37,,,0,41,,729,37,,,0,177,,728,37,,,0,174,,730,37,,,0,130,,731,37,,,0,96,,734,37,,,0,120,,732,37,,,0
701,'4881',718,,736,37,,,0
801,'4159',937,,740,30,,,0,220,,739,30,,,0,260,,738,30,,,0,220,,737,30,,,0
801,'4616',903,,741,30,,,0,110,,742,30,,,0,110,,743,30,,,0,110,,744,30,,,0,111,,745,30,,,0,109,,746,30,,,0,149,,747,30,,,0,121,,748,30,,,0,110,,749,30,,,0,111,,750,30,,,0,162,,751,30,,,0
801,'4753',638,,752,30,,,0,164,,753,30,,,0
801,'4754',937,,757,30,,,0,220,,756,30,,,0,260,,755,30,,,0,220,,754,30,,,0
801,'4755',937,,761,30,,,0,220,,760,30,,,0,260,,759,30,,,0,220,,758,30,,,0
801,'4880',921,,768,30,,,0,90,,770,30,,,0,41,,771,30,,,0,174,,765,30,,,0,175,,764,30,,,0,136,,763,30,,,0,177,,762,30,,,0,132,,767,30,,,0,164,,766,30,,,0,96,,769,30,,,0
801,'4881',638,,772,30,,,0,164,,773,30,,,0
