300,'4159',922,,210,17,,,0,82,,224,17,,,0,42,,223,17,,,0,83,,222,17,,,0,82,,221,17,,,0,42,,214,17,,,0,82,,220,17,,,0,82,,219,17,,,0,42,,218,17,,,0,81,,217,17,,,0,83,,216,17,,,0,82,,215,17,,,0,42,,213,17,,,0,81,,212,17,,,0,82,,211,17,,,0
300,'4616',842,,225,17,,,0,80,,237,17,,,0,80,,242,17,,,0,40,,244,17,,,0,81,,245,17,,,0,80,,243,17,,,0,40,,241,17,,,0,80,,240,17,,,0,81,,239,17,,,0,40,,238,17,,,0,80,,236,17,,,0,80,,235,17,,,0,40,,231,17,,,0,80,,234,17,,,0,79,,233,17,,,0,40,,232,17,,,0,79,,230,17,,,0,80,,229,17,,,0,38,,228,17,,,0,79,,227,17,,,0,40,,226,17,,,0
300,'4753',929,,246,17,,,0,175,,248,17,,,0,126,,249,17,,,0,323,,247,17,,,0,100,,250,17,,,0
300,'4754',922,,251,17,,,0,82,,265,17,,,0,42,,264,17,,,0,83,,263,17,,,0,82,,262,17,,,0,42,,255,17,,,0,82,,261,17,,,0,82,,260,17,,,0,42,,259,17,,,0,81,,258,17,,,0,83,,257,17,,,0,82,,256,17,,,0,42,,254,17,,,0,81,,253,17,,,0,82,,252,17,,,0
300,'4755',922,,266,17,,,0,82,,280,17,,,0,42,,279,17,,,0,83,,278,17,,,0,82,,277,17,,,0,42,,270,17,,,0,82,,276,17,,,0,82,,275,17,,,0,42,,274,17,,,0,81,,273,17,,,0,83,,272,17,,,0,82,,271,17,,,0,42,,269,17,,,0,81,,268,17,,,0,82,,267,17,,,0
300,'4880',639,,293,17,,,0,80,,292,17,,,0,39,,290,17,,,0,91,,288,17,,,0,105,,301,17,,,0,65,,294,17,,,0,127,,296,17,,,0,167,,282,17,,,0,90,,295,17,,,0,25,,300,17,,,0,26,,281,17,,,0,70,,299,17,,,0,99,,291,17,,,0,100,,289,17,,,0,28,,298,17,,,0,78,,297,17,,,0,79,,287,17,,,0,39,,285,17,,,0,82,,284,17,,,0,85,,286,17,,,0,44,,283,17,,,0
300,'4881',929,,302,17,,,0,175,,304,17,,,0,126,,305,17,,,0,323,,303,17,,,0,100,,306,17,,,0
301,'4159',851,,316,4,,,0,82,,317,4,,,0,82,,318,4,,,0,42,,319,4,,,0,82,,320,4,,,0,82,,321,4,,,0,82,,313,4,,,0,42,,314,4,,,0,82,,315,4,,,0,81,,311,4,,,0,42,,312,4,,,0,82,,307,4,,,0,82,,310,4,,,0,42,,308,4,,,0,82,,309,4,,,0
301,'4616',810,,322,4,,,0,40,,327,4,,,0,80,,323,4,,,0,80,,325,4,,,0,40,,324,4,,,0,80,,326,4,,,0,80,,329,4,,,0,40,,328,4,,,0,80,,330,4,,,0,80,,331,4,,,0,40,,332,4,,,0,80,,333,4,,,0,80,,334,4,,,0,40,,335,4,,,0,80,,336,4,,,0,80,,337,4,,,0,40,,338,4,,,0,80,,339,4,,,0,79,,340,4,,,0,40,,341,4,,,0,80,,342,4,,,0
301,'4753',856,,347,4,,,0,174,,346,4,,,0,126,,345,4,,,0,362,,344,4,,,0,100,,343,4,,,0
301,'4754',851,,357,4,,,0,82,,358,4,,,0,82,,359,4,,,0,42,,360,4,,,0,82,,361,4,,,0,82,,362,4,,,0,82,,354,4,,,0,42,,355,4,,,0,82,,356,4,,,0,81,,352,4,,,0,42,,353,4,,,0,82,,348,4,,,0,82,,351,4,,,0,42,,349,4,,,0,82,,350,4,,,0
301,'4755',851,,372,4,,,0,82,,373,4,,,0,82,,374,4,,,0,42,,375,4,,,0,82,,376,4,,,0,82,,377,4,,,0,82,,369,4,,,0,42,,370,4,,,0,82,,371,4,,,0,81,,367,4,,,0,42,,368,4,,,0,82,,363,4,,,0,82,,366,4,,,0,42,,364,4,,,0,82,,365,4,,,0
301,'4880',608,,378,4,,,0,40,,380,4,,,0,77,,391,4,,,0,91,,392,4,,,0,105,,398,4,,,0,25,,393,4,,,0,166,,390,4,,,0,127,,389,4,,,0,89,,388,4,,,0,25,,397,4,,,0,65,,387,4,,,0,30,,396,4,,,0,100,,394,4,,,0,100,,386,4,,,0,70,,395,4,,,0,38,,385,4,,,0,80,,384,4,,,0,80,,383,4,,,0,42,,382,4,,,0,85,,381,4,,,0,85,,379,4,,,0
301,'4881',856,,403,4,,,0,174,,402,4,,,0,126,,401,4,,,0,362,,400,4,,,0,100,,399,4,,,0
