300,'4159',910,,210,1,,,0,42,,224,1,,,0,82,,223,1,,,0,82,,222,1,,,0,42,,221,1,,,0,82,,214,1,,,0,82,,220,1,,,0,82,,219,1,,,0,42,,218,1,,,0,81,,217,1,,,0,82,,216,1,,,0,42,,215,1,,,0,82,,213,1,,,0,82,,212,1,,,0,42,,211,1,,,0
300,'4616',830,,225,1,,,0,80,,237,1,,,0,40,,242,1,,,0,80,,244,1,,,0,80,,245,1,,,0,40,,243,1,,,0,80,,241,1,,,0,80,,240,1,,,0,41,,239,1,,,0,80,,238,1,,,0,80,,236,1,,,0,39,,235,1,,,0,80,,231,1,,,0,80,,234,1,,,0,40,,233,1,,,0,80,,232,1,,,0,79,,230,1,,,0,40,,229,1,,,0,79,,228,1,,,0,80,,227,1,,,0,40,,226,1,,,0
300,'4753',916,,246,1,,,0,135,,248,1,,,0,166,,249,1,,,0,322,,247,1,,,0,100,,250,1,,,0
300,'4754',910,,251,1,,,0,42,,265,1,,,0,82,,264,1,,,0,82,,263,1,,,0,42,,262,1,,,0,82,,255,1,,,0,82,,261,1,,,0,82,,260,1,,,0,42,,259,1,,,0,81,,258,1,,,0,82,,257,1,,,0,42,,256,1,,,0,82,,254,1,,,0,82,,253,1,,,0,42,,252,1,,,0
300,'4755',910,,266,1,,,0,42,,280,1,,,0,82,,279,1,,,0,82,,278,1,,,0,42,,277,1,,,0,82,,270,1,,,0,82,,276,1,,,0,82,,275,1,,,0,42,,274,1,,,0,81,,273,1,,,0,82,,272,1,,,0,42,,271,1,,,0,82,,269,1,,,0,82,,268,1,,,0,42,,267,1,,,0
300,'4880',627,,293,1,,,0,80,,292,1,,,0,38,,290,1,,,0,91,,288,1,,,0,105,,301,1,,,0,65,,294,1,,,0,127,,296,1,,,0,167,,282,1,,,0,49,,295,1,,,0,65,,300,1,,,0,25,,281,1,,,0,70,,299,1,,,0,100,,291,1,,,0,100,,289,1,,,0,29,,298,1,,,0,78,,297,1,,,0,39,,287,1,,,0,80,,285,1,,,0,82,,284,1,,,0,85,,286,1,,,0,45,,283,1,,,0
300,'4881',916,,302,1,,,0,135,,304,1,,,0,166,,305,1,,,0,322,,303,1,,,0,100,,306,1,,,0
301,'4159',910,,316,18,4,,0,42,,317,18,4,,0,82,,318,18,4,,0,82,,319,18,4,,0,42,,320,18,4,,0,82,,321,18,4,,0,82,,313,18,4,,0,82,,314,18,4,,0,42,,315,18,4,,0,81,,311,18,4,,0,82,,312,18,4,,0,42,,307,18,4,,0,82,,310,18,4,,0,82,,308,18,4,,0,42,,309,18,4,,0
301,'4616',830,,322,18,4,,0,80,,327,18,4,,0,40,,323,18,4,,0,80,,325,18,4,,0,80,,324,18,4,,0,40,,326,18,4,,0,80,,329,18,4,,0,80,,328,18,4,,0,41,,330,18,4,,0,80,,331,18,4,,0,80,,332,18,4,,0,39,,333,18,4,,0,80,,334,18,4,,0,80,,335,18,4,,0,40,,336,18,4,,0,80,,337,18,4,,0,79,,338,18,4,,0,40,,339,18,4,,0,79,,340,18,4,,0,80,,341,18,4,,0,40,,342,18,4,,0
301,'4753',916,,347,18,4,,0,135,,346,18,4,,0,166,,345,18,4,,0,322,,344,18,4,,0,100,,343,18,4,,0
301,'4754',910,,357,18,4,,0,42,,358,18,4,,0,82,,359,18,4,,0,82,,360,18,4,,0,42,,361,18,4,,0,82,,362,18,4,,0,82,,354,18,4,,0,82,,355,18,4,,0,42,,356,18,4,,0,81,,352,18,4,,0,82,,353,18,4,,0,42,,348,18,4,,0,82,,351,18,4,,0,82,,349,18,4,,0,42,,350,18,4,,0
301,'4755',910,,372,18,4,,0,42,,373,18,4,,0,82,,374,18,4,,0,82,,375,18,4,,0,42,,376,18,4,,0,82,,377,18,4,,0,82,,369,18,4,,0,82,,370,18,4,,0,42,,371,18,4,,0,81,,367,18,4,,0,82,,368,18,4,,0,42,,363,18,4,,0,82,,366,18,4,,0,82,,364,18,4,,0,42,,365,18,4,,0
301,'4880',627,,378,18,4,,0,80,,380,18,4,,0,38,,391,18,4,,0,91,,392,18,4,,0,105,,398,18,4,,0,65,,393,18,4,,0,127,,390,18,4,,0,167,,389,18,4,,0,49,,388,18,4,,0,65,,397,18,4,,0,25,,387,18,4,,0,70,,396,18,4,,0,100,,394,18,4,,0,100,,386,18,4,,0,29,,395,18,4,,0,78,,385,18,4,,0,39,,384,18,4,,0,80,,383,18,4,,0,82,,382,18,4,,0,85,,381,18,4,,0,45,,379,18,4,,0
301,'4881',916,,403,18,4,,0,135,,402,18,4,,0,166,,401,18,4,,0,322,,400,18,4,,0,100,,399,18,4,,0
900,'4159',922,,774,1,,,0,32,,791,1,,,0,72,,790,1,,,0,32,,789,1,,,0,72,,788,1,,,0,72,,787,1,,,0,33,,785,1,,,0,72,,784,1,,,0,32,,783,1,,,0,72,,786,1,,,0,32,,782,1,,,0,72,,781,1,,,0,31,,780,1,,,0,72,,776,1,,,0,32,,779,1,,,0,72,,778,1,,,0,32,,777,1,,,0,72,,775,1,,,0
900,'4616',850,,792,1,,,0,72,,816,1,,,0,33,,815,1,,,0,72,,812,1,,,0,32,,814,1,,,0,72,,813,1,,,0,72,,811,1,,,0,32,,810,1,,,0,72,,808,1,,,0,32,,809,1,,,0,72,,807,1,,,0,32,,805,1,,,0,72,,806,1,,,0,32,,803,1,,,0,72,,804,1,,,0,32,,802,1,,,0,71,,801,1,,,0,32,,800,1,,,0,72,,799,1,,,0,32,,798,1,,,0,72,,797,1,,,0,72,,796,1,,,0,32,,795,1,,,0,72,,794,1,,,0,32,,793,1,,,0
900,'4753',1521,,824,1,,,0,37,,827,1,,,0,77,,823,1,,,0,76,,828,1,,,0,37,,822,1,,,0,76,,817,1,,,0,32,,819,1,,,0,73,,826,1,,,0,72,,825,1,,,0,32,,821,1,,,0,72,,818,1,,,0,32,,820,1,,,0
900,'4754',922,,829,1,,,0,32,,846,1,,,0,72,,845,1,,,0,32,,844,1,,,0,72,,843,1,,,0,72,,842,1,,,0,33,,840,1,,,0,72,,839,1,,,0,32,,838,1,,,0,72,,841,1,,,0,32,,837,1,,,0,72,,836,1,,,0,31,,835,1,,,0,72,,831,1,,,0,32,,834,1,,,0,72,,833,1,,,0,32,,832,1,,,0,72,,830,1,,,0
900,'4755',922,,847,1,,,0,32,,864,1,,,0,72,,863,1,,,0,32,,862,1,,,0,72,,861,1,,,0,72,,860,1,,,0,33,,858,1,,,0,72,,857,1,,,0,32,,856,1,,,0,72,,859,1,,,0,32,,855,1,,,0,72,,854,1,,,0,31,,853,1,,,0,72,,849,1,,,0,32,,852,1,,,0,72,,851,1,,,0,32,,850,1,,,0,72,,848,1,,,0
900,'4880',715,,881,1,,,0,18,,870,1,,,0,18,,874,1,,,0,58,,887,1,,,0,19,,873,1,,,0,18,,871,1,,,0,58,,876,1,,,0,18,,869,1,,,0,18,,883,1,,,0,76,,880,1,,,0,36,,886,1,,,0,76,,885,1,,,0,76,,879,1,,,0,36,,878,1,,,0,76,,877,1,,,0,35,,882,1,,,0,76,,865,1,,,0,76,,867,1,,,0,37,,884,1,,,0,77,,875,1,,,0,37,,866,1,,,0,76,,868,1,,,0,76,,872,1,,,0
900,'4881',1521,,892,1,,,0,37,,894,1,,,0,77,,891,1,,,0,76,,895,1,,,0,37,,890,1,,,0,76,,888,1,,,0,32,,889,1,,,0,73,,893,1,,,0
901,'4159',922,,908,13,4,,0,32,,910,13,4,,0,72,,911,13,4,,0,32,,897,13,4,,0,72,,898,13,4,,0,72,,899,13,4,,0,33,,900,13,4,,0,72,,896,13,4,,0,32,,901,13,4,,0,72,,902,13,4,,0,32,,903,13,4,,0,72,,904,13,4,,0,31,,905,13,4,,0,72,,906,13,4,,0,32,,907,13,4,,0,72,,912,13,4,,0,32,,909,13,4,,0,72,,913,13,4,,0
901,'4616',850,,914,13,4,,0,72,,917,13,4,,0,33,,918,13,4,,0,72,,915,13,4,,0,32,,916,13,4,,0,72,,919,13,4,,0,72,,920,13,4,,0,32,,921,13,4,,0,72,,922,13,4,,0,32,,923,13,4,,0,72,,924,13,4,,0,32,,925,13,4,,0,72,,926,13,4,,0,32,,927,13,4,,0,72,,928,13,4,,0,32,,929,13,4,,0,71,,930,13,4,,0,32,,931,13,4,,0,72,,932,13,4,,0,32,,933,13,4,,0,72,,934,13,4,,0,72,,936,13,4,,0,32,,937,13,4,,0,72,,938,13,4,,0,32,,935,13,4,,0
901,'4753',1521,,950,13,4,,0,37,,949,13,4,,0,77,,944,13,4,,0,76,,943,13,4,,0,37,,942,13,4,,0,76,,941,13,4,,0,32,,940,13,4,,0,73,,939,13,4,,0,72,,945,13,4,,0,32,,946,13,4,,0,72,,947,13,4,,0,32,,948,13,4,,0
901,'4754',922,,963,13,4,,0,32,,965,13,4,,0,72,,966,13,4,,0,32,,952,13,4,,0,72,,953,13,4,,0,72,,954,13,4,,0,33,,955,13,4,,0,72,,951,13,4,,0,32,,956,13,4,,0,72,,957,13,4,,0,32,,958,13,4,,0,72,,959,13,4,,0,31,,960,13,4,,0,72,,961,13,4,,0,32,,962,13,4,,0,72,,967,13,4,,0,32,,964,13,4,,0,72,,968,13,4,,0
901,'4755',922,,981,13,4,,0,32,,983,13,4,,0,72,,984,13,4,,0,32,,970,13,4,,0,72,,971,13,4,,0,72,,972,13,4,,0,33,,973,13,4,,0,72,,969,13,4,,0,32,,974,13,4,,0,72,,975,13,4,,0,32,,976,13,4,,0,72,,977,13,4,,0,31,,978,13,4,,0,72,,979,13,4,,0,32,,980,13,4,,0,72,,985,13,4,,0,32,,982,13,4,,0,72,,986,13,4,,0
901,'4880',715,,987,13,4,,0,18,,998,13,4,,0,18,,996,13,4,,0,58,,1002,13,4,,0,19,,997,13,4,,0,18,,999,13,4,,0,58,,995,13,4,,0,18,,1000,13,4,,0,18,,1009,13,4,,0,76,,1008,13,4,,0,36,,992,13,4,,0,76,,994,13,4,,0,76,,1003,13,4,,0,36,,993,13,4,,0,76,,991,13,4,,0,35,,1004,13,4,,0,76,,1005,13,4,,0,76,,1007,13,4,,0,37,,988,13,4,,0,77,,990,13,4,,0,37,,989,13,4,,0,76,,1001,13,4,,0,76,,1006,13,4,,0
901,'4881',1521,,1017,13,4,,0,37,,1016,13,4,,0,77,,1015,13,4,,0,76,,1014,13,4,,0,37,,1013,13,4,,0,76,,1012,13,4,,0,32,,1011,13,4,,0,73,,1010,13,4,,0
