1,1019,'4159',1,1102,1103,4,1104
1,1019,'4616',1105,1106,1107,1108,1109,1110,1111,13,1112,1113
1,1019,'4753',1114,1115,1116,1117,1118,1119,1120,1121
1,1019,'4754',24,1122,1123,27,1124
1,1019,'4755',29,1125,1126,32,33
1,1019,'4880',34,1127,1128,37
1,1019,'4881',1129,1130,1131,1132,1133,1134,1135,1136
1,1029,'4159',46,47,1137,1138,1139
1,1029,'4616',51,1140,1141,1142,1143,1144,1145,1146,1147,1148
1,1029,'4753',1149,1150,1151,1152,1153,1154,1155,1156
1,1029,'4754',69,70,1157,1158,1159
1,1029,'4755',74,75,76,1160,1161
1,1029,'4880',79,80,1162,1163
1,1029,'4881',1164,1165,1166,1167,1168,1169,1170,1171
2,201,'4159',91,1172,93,94,95,96,97,98,99,100,101,102,1173,1174,105
2,201,'4616',1175,107,1176,109,1177,1178,112,113,1179,115,116,1180,1181,1182,1183,1184,1185,1186,1187,1188,1189,1190,1191,129,1192
2,201,'4753',1193,1194,1195,1196,1197,1198,1199,1200,1201,1202,1203,1204,1205,1206,1207,1208,1209,1210,1211,1212,1213,1214,1215
2,201,'4754',154,1216,156,157,158,159,160,161,162,163,164,165,1217,1218,168
2,201,'4755',169,1219,171,172,173,174,175,176,177,178,179,180,1220,1221,183
2,201,'4880',1222,185,186,187,188,189
2,201,'4881',1223,1224,1225,1226,1227,1228,1229,1230,1231,1232,1233,1234,1235,1236,1237,1238,1239,1240,1241,1242
3,300,'4159',1243,1244,212,1245,214,215,1246,217,1247,219,1248,1249,222,1250,224
3,300,'4616',1251,226,227,228,229,230,1252,232,233,234,235,1253,1254,1255,1256,1257,1258,1259,1260,1261,1262
3,300,'4753',1263,1264,1265,1266,1267
3,300,'4754',1268,1269,253,1270,255,256,1271,258,1272,260,1273,1274,263,1275,265
3,300,'4755',1276,1277,268,1278,270,271,1279,273,1280,275,1281,1282,1283,1284,1285
3,300,'4880',281,282,1286,1287,285,286,287,288,289,290,291,292,293,294,1288,296,297,298,299,300,301
3,300,'4881',1289,1290,1291,1292,1293
3,301,'4159',307,308,1294,1295,311,1296,1297,314,1298,1299,317,1300,319,1301,321
3,301,'4616',1302,1303,1304,1305,1306,1307,1308,1309,1310,1311,1312,333,1313,335,336,337,338,339,340,341,342
3,301,'4753',1314,1315,1316,1317,1318
3,301,'4754',348,349,1319,1320,352,1321,1322,355,1323,1324,358,1325,360,1326,362
3,301,'4755',363,364,1327,1328,367,1329,1330,370,1331,1332,1333,1334,1335,1336,377
3,301,'4880',378,1337,380,381,1338,383,384,385,386,387,1339,389,390,391,392,393,394,395,396,397,398
3,301,'4881',1340,1341,1342,1343,1344
4,400,'4159',1345,1346,1347,1348,1349,1350,1351,1352,1353
4,400,'4616',1354,1355,1356,1357,1358,1359,1360,1361,1362,1363,1364
4,400,'4753',1365,1366,1367,1368,1369,1370,1371,1372,1373,1374
4,400,'4754',1375,1376,1377,1378,1379,1380,1381,1382,1383
4,400,'4755',1384,1385,1386,1387,1388,1389,1390,1391,1392
4,400,'4880',1393,1394,1395,1396
4,400,'4881',1397,1398,1399,1400,1401,1402,1403,1404,1405
5,501,'4159',465,466,467,468,469,470,471,472
5,501,'4616',1406,1407,1408,1409,1410,1411,1412,1413,1414,1415,483,1416,485,486,1417,488,489,1418,491,492,493
5,501,'4753',1419,1420,1421,1422,1423
5,501,'4754',499,500,501,502,503,504,505,506
5,501,'4755',1424,1425,1426,510,511,512,513,514
5,501,'4880',515,516,517,518,519,520,521,522,523,524,525,526,527,528,529,530,531,1427,533
5,501,'4881',1428,1429,1430,1431,1432
6,600,'4159',1433,1434,1435,1436,1437,1438,1439,1440
6,600,'4616',1441,1442,1443,1444,551,1445,553,554,1446,1447,557,1448,559,560,1449,1450,563,564,1451,1452
6,600,'4753',1453,1454,1455,1456,1457,1458,1459,1460,1461,1462,1463
6,600,'4754',1464,1465,1466,1467,1468,1469,1470,1471
6,600,'4755',1472,1473,1474,1475,1476,1477,1478,1479
6,600,'4880',1480,1481,1482,1483,1484,1485,1486,1487,1488,1489,1490,1491,1492
6,600,'4881',1493,1494,1495,1496,1497,1498,1499,1500,1501
6,601,'4159',1502,1503,1504,1505,1506,1507,1508,1509
6,601,'4616',624,1510,1511,1512,628,629,630,1513,1514,633,1515,635,1516,637,1517,639,1518,1519,1520,1521
6,601,'4753',1522,1523,1524,1525,1526,1527,1528,1529,1530,1531,1532
6,601,'4754',1533,1534,1535,1536,1537,1538,1539,1540
6,601,'4755',1541,1542,1543,1544,1545,1546,1547,1548
6,601,'4880',1549,1550,1551,1552,1553,1554,1555,1556,1557,1558,1559,1560,1561
6,601,'4881',1562,1563,1564,1565,1566,1567,1568,1569,1570
7,701,'4159',1571,1572,1573,1574,1575,1576
7,701,'4616',1577,1578,1579,1580,1581,1582,1583,1584,1585,1586,1587,1588
7,701,'4753',1589
7,701,'4754',1590,1591,1592,1593,1594,1595
7,701,'4755',1596,1597,1598,1599,1600,1601
7,701,'4880',724,725,726,727,728,729,730,731,732,733,734,735
7,701,'4881',1602
8,801,'4159',1603,1604,1605,1606
8,801,'4616',741,742,743,744,745,746,747,1607,1608,1609,1610
8,801,'4753',1611,1612
8,801,'4754',1613,1614,1615,1616
8,801,'4755',1617,1618,1619,1620
8,801,'4880',762,763,764,765,766,767,768,769,770,771
8,801,'4881',1621,1622
9,900,'4159',1623,775,776,777,778,779,780,781,1624,1625,784,785,1626,1627,788,1628,790,1629
9,900,'4616',792,1630,1631,1632,1633,1634,1635,1636,1637,1638,1639,1640,1641,1642,1643,807,808,1644,1645,811,1646,1647,814,815,1648
9,900,'4753',1649,1650,1651,1652,1653,1654,1655,1656,1657,1658,1659,1660
9,900,'4754',1661,830,831,832,833,834,835,836,1662,1663,839,840,1664,1665,843,1666,845,1667
9,900,'4755',1668,848,849,850,851,852,853,854,1669,1670,857,858,1671,1672,861,1673,863,1674
9,900,'4880',865,866,867,868,869,870,871,872,873,874,875,876,877,878,879,880,881,882,883,884,885,886,887
9,900,'4881',1675,1676,1677,1678,1679,1680,1681,1682
9,901,'4159',896,1683,898,1684,900,1685,1686,1687,904,905,906,907,1688,909,1689,911,912,913
9,901,'4616',914,1690,916,1691,918,1692,920,1693,922,1694,924,1695,1696,1697,1698,1699,1700,1701,1702,1703,1704,1705,1706,1707,1708
9,901,'4753',1709,1710,1711,1712,1713,1714,1715,1716,1717,1718,1719,1720
9,901,'4754',951,1721,953,1722,955,1723,1724,1725,959,960,961,962,1726,964,1727,966,967,968
9,901,'4755',969,1728,971,1729,973,1730,1731,1732,977,978,979,980,1733,982,1734,984,985,986
9,901,'4880',987,988,989,990,991,992,993,994,995,996,997,998,999,1000,1001,1002,1003,1004,1005,1006,1007,1008,1009
9,901,'4881',1735,1736,1737,1738,1739,1740,1741,1742
60,6000,'4616',1018,1019,1020,1021
60,6000,'4880',1022,1023,1024,1025,1026
60,6001,'4616',1027,1028,1029,1030
60,6001,'4880',1031,1032,1033,1034,1035
61,6100,'4880',1036,1037,1038,1039,1040
61,6101,'4880',1041,1042,1043,1044,1045
90,9000,'4159',1046,1047,1048,1049,1050
90,9000,'4616',1051,1052,1053,1054,1055,1056,1057,1058
90,9000,'4754',1059,1060,1061,1062,1063
90,9000,'4880',1064,1065,1066,1067,1068,1069,1070,1071,1072,1073
90,9001,'4159',1074,1075,1076,1077,1078
90,9001,'4616',1079,1080,1081,1082,1083,1084,1085,1086
90,9001,'4754',1087,1088,1089,1090,1091
90,9001,'4880',1092,1093,1094,1095,1096,1097,1098,1099,1100,1101
