2100,'4159',900,,1746,1,,,0,19,,1746,23,4,,0,81,,1748,1,,,0,19,,1748,23,4,,0,81,,1747,1,,,0,20,,1747,23,4,,0,80,,1749,1,,,0,20,,1749,23,4,,0,80,,1744,1,,,0,20,,1744,23,4,,0,80,,1743,1,,,0,19,,1743,23,4,,0,81,,1745,1,,,0,19,,1745,23,4,,0,81,,1750,1,,,0,19,,1750,23,4,,0,81,,1751,1,,,0,17,,1751,23,4,,0
2100,'4616',800,,1752,1,,,0,16,,1752,23,4,,0,84,,1753,1,,,0,19,,1753,23,4,,0,83,,1754,1,,,0,19,,1754,23,4,,0,83,,1755,1,,,0,20,,1755,23,4,,0,83,,1756,1,,,0,20,,1756,23,4,,0,82,,1757,1,,,0,20,,1757,23,4,,0,81,,1758,1,,,0,19,,1758,23,4,,0,82,,1759,1,,,0,19,,1759,23,4,,0,82,,1760,1,,,0,18,,1760,23,4,,0,82,,1761,1,,,0,17,,1761,23,4,,0,83,,1762,1,,,0,17,,1762,23,4,,0,83,,1763,1,,,0,17,,1763,23,4,,0
2100,'4753',700,,1764,1,,,0,17,,1764,23,4,,0,86,,1765,1,,,0,19,,1765,23,4,,0,84,,1766,1,,,0,19,,1766,23,4,,0,84,,1767,1,,,0,20,,1767,23,4,,0,84,,1768,1,,,0,22,,1768,23,4,,0,84,,1769,1,,,0,21,,1769,23,4,,0,84,,1770,1,,,0,21,,1770,23,4,,0,85,,1771,1,,,0,20,,1771,23,4,,0,86,,1772,1,,,0,20,,1772,23,4,,0,85,,1773,1,,,0,59,,1773,23,4,,0,42,,1774,1,,,0,59,,1774,23,4,,0,42,,1775,1,,,0,16,,1775,23,4,,0,84,,1776,1,,,0,16,,1776,23,4,,0,84,,1777,1,,,0,16,,1777,23,4,,0
2100,'4881',700,,1778,1,,,0,17,,1778,23,4,,0,86,,1779,1,,,0,19,,1779,23,4,,0,84,,1780,1,,,0,19,,1780,23,4,,0,84,,1781,1,,,0,20,,1781,23,4,,0,84,,1782,1,,,0,22,,1782,23,4,,0,84,,1783,1,,,0,21,,1783,23,4,,0,84,,1784,1,,,0,21,,1784,23,4,,0,85,,1785,1,,,0,20,,1785,23,4,,0,86,,1786,1,,,0,20,,1786,23,4,,0,85,,1787,1,,,0,59,,1787,23,4,,0,42,,1788,1,,,0,59,,1788,23,4,,0,42,,1789,1,,,0,16,,1789,23,4,,0,84,,1790,1,,,0,16,,1790,23,4,,0
2200,'4159',922,,1795,1,,,0,33,,1795,50,4,,0,67,,1796,1,,,0,33,,1796,50,4,,0,67,,1797,1,,,0,33,,1797,50,4,,0,67,,1793,1,,,0,33,,1793,50,4,,0,67,,1794,1,,,0,33,,1794,50,4,,0,67,,1792,1,,,0,33,,1792,50,4,,0,67,,1791,1,,,0,32,,1791,50,4,,0,68,,1798,1,,,0,31,,1798,50,4,,0,69,,1799,1,,,0,31,,1799,50,4,,0
2200,'4616',901,,1800,1,,,0,33,,1800,50,4,,0,67,,1801,1,,,0,33,,1801,50,4,,0,67,,1802,1,,,0,33,,1802,50,4,,0,69,,1803,1,,,0,33,,1803,50,4,,0,69,,1804,1,,,0,33,,1804,50,4,,0,69,,1805,1,,,0,33,,1805,50,4,,0,68,,1806,1,,,0,32,,1806,50,4,,0,69,,1807,1,,,0,31,,1807,50,4,,0,69,,1808,1,,,0,31,,1808,50,4,,0,69,,1809,1,,,0,31,,1809,50,4,,0,69,,1810,1,,,0,31,,1810,50,4,,0
2200,'4753',700,,1811,1,,,0,32,,1811,50,4,,0,68,,1812,1,,,0,35,,1812,50,4,,0,70,,1813,1,,,0,33,,1813,50,4,,0,69,,1814,1,,,0,33,,1814,50,4,,0,69,,1815,1,,,0,33,,1815,50,4,,0,73,,1816,1,,,0,33,,1816,50,4,,0,72,,1817,1,,,0,33,,1817,50,4,,0,72,,1818,1,,,0,75,,1818,50,4,,0,31,,1819,1,,,0,74,,1819,50,4,,0,31,,1820,1,,,0,72,,1820,50,4,,0,30,,1821,1,,,0,71,,1821,50,4,,0,30,,1822,1,,,0,71,,1822,50,4,,0,29,,1823,1,,,0,70,,1823,50,4,,0,30,,1824,1,,,0,70,,1824,50,4,,0
2200,'4881',700,,1825,1,,,0,32,,1825,50,4,,0,68,,1826,1,,,0,35,,1826,50,4,,0,70,,1827,1,,,0,33,,1827,50,4,,0,69,,1828,1,,,0,33,,1828,50,4,,0,69,,1829,1,,,0,33,,1829,50,4,,0,73,,1830,1,,,0,33,,1830,50,4,,0,72,,1831,1,,,0,33,,1831,50,4,,0,72,,1832,1,,,0,75,,1832,50,4,,0,31,,1833,1,,,0,74,,1833,50,4,,0,31,,1834,1,,,0,72,,1834,50,4,,0,30,,1835,1,,,0,71,,1835,50,4,,0,30,,1836,1,,,0,71,,1836,50,4,,0,29,,1837,1,,,0,70,,1837,50,4,,0
2300,'4616',820,,1838,1,,,0,34,,1838,38,4,,0,67,,1839,1,,,0,35,,1839,38,4,,0,67,,1840,1,,,0,35,,1840,38,4,,0,68,,1841,1,,,0,75,,1841,38,4,,0,28,,1842,1,,,0,74,,1842,38,4,,0,28,,1843,1,,,0,74,,1843,38,4,,0,26,,1844,1,,,0,75,,1844,38,4,,0,26,,1845,1,,,0,75,,1845,38,4,,0,25,,1846,1,,,0,75,,1846,38,4,,0,25,,1847,1,,,0,75,,1847,38,4,,0,25,,1848,1,,,0,75,,1848,38,4,,0
2300,'4753',720,,1849,1,,,0,35,,1849,38,4,,0,69,,1850,1,,,0,76,,1850,38,4,,0,27,,1851,1,,,0,76,,1851,38,4,,0,28,,1852,1,,,0,76,,1852,38,4,,0,30,,1853,1,,,0,76,,1853,38,4,,0,29,,1854,1,,,0,76,,1854,38,4,,0,29,,1855,1,,,0,76,,1855,38,4,,0,29,,1856,1,,,0,77,,1856,38,4,,0,29,,1857,1,,,0,76,,1857,38,4,,0,68,,1858,1,,,0,34,,1858,38,4,,0,67,,1859,1,,,0,34,,1859,38,4,,0,66,,1860,1,,,0,34,,1860,38,4,,0,66,,1861,1,,,0,34,,1861,38,4,,0
2300,'4881',720,,1862,1,,,0,35,,1862,38,4,,0,69,,1863,1,,,0,76,,1863,38,4,,0,27,,1864,1,,,0,76,,1864,38,4,,0,28,,1865,1,,,0,76,,1865,38,4,,0,30,,1866,1,,,0,76,,1866,38,4,,0,29,,1867,1,,,0,76,,1867,38,4,,0,29,,1868,1,,,0,76,,1868,38,4,,0,29,,1869,1,,,0,77,,1869,38,4,,0,29,,1870,1,,,0,76,,1870,38,4,,0,68,,1871,1,,,0,34,,1871,38,4,,0,67,,1872,1,,,0,34,,1872,38,4,,0,66,,1873,1,,,0,34,,1873,38,4,,0
2400,'4616',735,,1874,1,,,0,75,,1874,7,4,,0,325,,1875,1,,,0,75,,1875,7,4,,0,395,,1876,1,,,0,35,,1876,7,4,,0
2400,'4880',735,,1877,1,,,0,75,,1877,7,4,,0,325,,1878,1,,,0,75,,1878,7,4,,0,395,,1879,1,,,0,35,,1879,7,4,,0
2501,'4616',840,,1880,1,,,0,18,,1880,13,4,,0,82,,1881,1,,,0,18,,1881,13,4,,0,82,,1882,1,,,0,18,,1882,13,4,,0,82,,1883,1,,,0,18,,1883,13,4,,0,84,,1884,1,,,0,58,,1884,13,4,,0,44,,1885,1,,,0,58,,1885,13,4,,0,44,,1886,1,,,0,58,,1886,13,4,,0,42,,1887,1,,,0,58,,1887,13,4,,0,42,,1888,1,,,0,58,,1888,13,4,,0,42,,1889,1,,,0,58,,1889,13,4,,0,42,,1890,1,,,0,58,,1890,13,4,,0
2501,'4753',738,,1891,1,,,0,18,,1891,13,4,,0,85,,1892,1,,,0,18,,1892,13,4,,0,85,,1893,1,,,0,58,,1893,13,4,,0,45,,1894,1,,,0,58,,1894,13,4,,0,45,,1895,1,,,0,58,,1895,13,4,,0,46,,1896,1,,,0,58,,1896,13,4,,0,47,,1897,1,,,0,58,,1897,13,4,,0,89,,1898,1,,,0,18,,1898,13,4,,0,88,,1899,1,,,0,18,,1899,13,4,,0,85,,1900,1,,,0,18,,1900,13,4,,0,82,,1901,1,,,0,18,,1901,13,4,,0,82,,1902,1,,,0,18,,1902,13,4,,0,82,,1903,1,,,0,18,,1903,13,4,,0
2501,'4881',738,,1904,1,,,0,18,,1904,13,4,,0,85,,1905,1,,,0,18,,1905,13,4,,0,85,,1906,1,,,0,58,,1906,13,4,,0,45,,1907,1,,,0,58,,1907,13,4,,0,45,,1908,1,,,0,58,,1908,13,4,,0,46,,1909,1,,,0,58,,1909,13,4,,0,47,,1910,1,,,0,58,,1910,13,4,,0,89,,1911,1,,,0,18,,1911,13,4,,0,88,,1912,1,,,0,18,,1912,13,4,,0,85,,1913,1,,,0,18,,1913,13,4,,0,82,,1914,1,,,0,18,,1914,13,4,,0,82,,1915,1,,,0,18,,1915,13,4,,0
4100,'4751',923,,1916,8,4,,0,527,,1917,8,4,,0
4101,'4751',820,,1918,1,,,0,529,,1919,1,,,0
4200,'4752',1400,,1920,1,0,8 9 10,0,143,,1920,7,4,,0
4201,'4752',815,,1921,1,0,8 9 10,0,143,,1921,7,4,,0
4300,'4752',1605,,1922,1,0,11 10,0,115,,1922,8,4,,0
4301,'4752',1005,,1923,1,0,11 10,0,116,,1923,7,4,,0
