300,'4159',928,,210,19,4,,0,82,,224,19,4,,0,42,,223,19,4,,0,83,,222,19,4,,0,82,,221,19,4,,0,42,,214,19,4,,0,82,,220,19,4,,0,82,,219,19,4,,0,82,,218,19,4,,0,41,,217,19,4,,0,83,,216,19,4,,0,82,,215,19,4,,0,42,,213,19,4,,0,81,,212,19,4,,0,82,,211,19,4,,0
300,'4616',847,,225,19,4,,0,81,,237,19,4,,0,80,,242,19,4,,0,40,,244,19,4,,0,81,,245,19,4,,0,80,,243,19,4,,0,41,,241,19,4,,0,80,,240,19,4,,0,81,,239,19,4,,0,40,,238,19,4,,0,80,,236,19,4,,0,80,,235,19,4,,0,40,,231,19,4,,0,80,,234,19,4,,0,79,,233,19,4,,0,40,,232,19,4,,0,79,,230,19,4,,0,78,,229,19,4,,0,38,,228,19,4,,0,79,,227,19,4,,0,80,,226,19,4,,0
300,'4753',935,,246,19,4,,0,176,,248,19,4,,0,127,,249,19,4,,0,363,,247,19,4,,0,100,,250,19,4,,0
300,'4754',928,,251,19,4,,0,82,,265,19,4,,0,42,,264,19,4,,0,83,,263,19,4,,0,82,,262,19,4,,0,42,,255,19,4,,0,82,,261,19,4,,0,82,,260,19,4,,0,82,,259,19,4,,0,41,,258,19,4,,0,83,,257,19,4,,0,82,,256,19,4,,0,42,,254,19,4,,0,81,,253,19,4,,0,82,,252,19,4,,0
300,'4755',928,,266,19,4,,0,82,,280,19,4,,0,42,,279,19,4,,0,83,,278,19,4,,0,82,,277,19,4,,0,42,,270,19,4,,0,82,,276,19,4,,0,82,,275,19,4,,0,82,,274,19,4,,0,41,,273,19,4,,0,83,,272,19,4,,0,82,,271,19,4,,0,42,,269,19,4,,0,81,,268,19,4,,0,82,,267,19,4,,0
300,'4880',645,,293,19,4,,0,80,,292,19,4,,0,79,,290,19,4,,0,51,,288,19,4,,0,145,,301,19,4,,0,26,,294,19,4,,0,127,,296,19,4,,0,168,,282,19,4,,0,90,,295,19,4,,0,25,,300,19,4,,0,66,,281,19,4,,0,30,,299,19,4,,0,99,,291,19,4,,0,100,,289,19,4,,0,26,,298,19,4,,0,78,,297,19,4,,0,79,,287,19,4,,0,39,,285,19,4,,0,82,,284,19,4,,0,84,,286,19,4,,0,84,,283,19,4,,0
300,'4881',935,,302,19,4,,0,176,,304,19,4,,0,127,,305,19,4,,0,363,,303,19,4,,0,100,,306,19,4,,0
301,'4159',845,,316,1,,,0,82,,317,1,,,0,82,,318,1,,,0,42,,319,1,,,0,82,,320,1,,,0,82,,321,1,,,0,42,,313,1,,,0,82,,314,1,,,0,82,,315,1,,,0,82,,311,1,,,0,42,,312,1,,,0,82,,307,1,,,0,82,,310,1,,,0,42,,308,1,,,0,82,,309,1,,,0
301,'4616',805,,322,1,,,0,40,,327,1,,,0,80,,323,1,,,0,80,,325,1,,,0,40,,324,1,,,0,80,,326,1,,,0,80,,329,1,,,0,40,,328,1,,,0,80,,330,1,,,0,80,,331,1,,,0,40,,332,1,,,0,80,,333,1,,,0,80,,334,1,,,0,40,,335,1,,,0,80,,336,1,,,0,80,,337,1,,,0,40,,338,1,,,0,80,,339,1,,,0,80,,340,1,,,0,40,,341,1,,,0,80,,342,1,,,0
301,'4753',851,,347,1,,,0,174,,346,1,,,0,126,,345,1,,,0,362,,344,1,,,0,100,,343,1,,,0
301,'4754',845,,357,1,,,0,82,,358,1,,,0,82,,359,1,,,0,42,,360,1,,,0,82,,361,1,,,0,82,,362,1,,,0,42,,354,1,,,0,82,,355,1,,,0,82,,356,1,,,0,82,,352,1,,,0,42,,353,1,,,0,82,,348,1,,,0,82,,351,1,,,0,42,,349,1,,,0,82,,350,1,,,0
301,'4755',845,,372,1,,,0,82,,373,1,,,0,82,,374,1,,,0,42,,375,1,,,0,82,,376,1,,,0,82,,377,1,,,0,42,,369,1,,,0,82,,370,1,,,0,82,,371,1,,,0,82,,367,1,,,0,42,,368,1,,,0,82,,363,1,,,0,82,,366,1,,,0,42,,364,1,,,0,82,,365,1,,,0
301,'4880',603,,378,1,,,0,40,,380,1,,,0,77,,391,1,,,0,91,,392,1,,,0,105,,398,1,,,0,25,,393,1,,,0,166,,390,1,,,0,127,,389,1,,,0,89,,388,1,,,0,25,,397,1,,,0,65,,387,1,,,0,30,,396,1,,,0,100,,394,1,,,0,100,,386,1,,,0,70,,395,1,,,0,38,,385,1,,,0,80,,384,1,,,0,81,,383,1,,,0,42,,382,1,,,0,85,,381,1,,,0,85,,379,1,,,0
301,'4881',851,,403,1,,,0,174,,402,1,,,0,126,,401,1,,,0,362,,400,1,,,0,100,,399,1,,,0
501,'4159',854,,465,1,,,0,66,,465,31,4,,0,93,,466,1,,,0,27,,466,31,4,,0,97,,467,1,,,0,67,,467,31,4,,0,97,,468,1,,,0,27,,468,31,4,,0,97,,469,1,,,0,29,,469,31,4,,0,95,,470,1,,,0,66,,470,31,4,,0,98,,471,1,,,0,26,,471,31,4,,0,98,,472,1,,,0,65,,472,31,4,,0
501,'4616',814,,473,1,,,0,26,,473,31,4,,0,14,,474,1,,,0,66,,474,31,4,,0,14,,476,1,,,0,66,,476,31,4,,0,14,,475,1,,,0,26,,475,31,4,,0,14,,477,1,,,0,66,,477,31,4,,0,14,,478,1,,,0,66,,478,31,4,,0,14,,479,1,,,0,26,,479,31,4,,0,14,,480,1,,,0,66,,480,31,4,,0,14,,481,1,,,0,66,,481,31,4,,0,14,,482,1,,,0,26,,482,31,4,,0,14,,483,1,,,0,66,,483,31,4,,0,14,,484,1,,,0,66,,484,31,4,,0,14,,485,1,,,0,26,,485,31,4,,0,14,,486,1,,,0,66,,486,31,4,,0,14,,487,1,,,0,66,,487,31,4,,0,14,,488,1,,,0,26,,488,31,4,,0,14,,489,1,,,0,66,,489,31,4,,0,14,,491,1,,,0,66,,491,31,4,,0,14,,492,1,,,0,26,,492,31,4,,0,14,,490,1,,,0,66,,490,31,4,,0,14,,493,1,,,0,66,,493,31,4,,0
501,'4753',817,,498,1,,,0,27,,498,31,4,,0,107,,495,1,,,0,69,,495,31,4,,0,99,,494,1,,,0,27,,494,31,4,,0,103,,496,1,,,0,67,,496,31,4,,0,113,,497,1,,,0,73,,497,31,4,,0
501,'4754',854,,499,1,,,0,66,,499,31,4,,0,93,,500,1,,,0,27,,500,31,4,,0,97,,501,1,,,0,67,,501,31,4,,0,97,,502,1,,,0,27,,502,31,4,,0,97,,503,1,,,0,29,,503,31,4,,0,95,,504,1,,,0,66,,504,31,4,,0,98,,505,1,,,0,26,,505,31,4,,0,98,,506,1,,,0,65,,506,31,4,,0
501,'4755',854,,507,1,,,0,66,,507,31,4,,0,93,,508,1,,,0,27,,508,31,4,,0,97,,509,1,,,0,67,,509,31,4,,0,97,,510,1,,,0,27,,510,31,4,,0,97,,511,1,,,0,29,,511,31,4,,0,95,,512,1,,,0,66,,512,31,4,,0,98,,513,1,,,0,26,,513,31,4,,0,98,,514,1,,,0,65,,514,31,4,,0
501,'4880',610,,515,1,,,0,26,,515,31,4,,0,14,,516,1,,,0,66,,516,31,4,,0,15,,517,1,,,0,27,,517,31,4,,0,44,,518,1,,,0,27,,518,31,4,,0,4,,533,1,,,0,67,,533,31,4,,0,7,,519,1,,,0,27,,519,31,4,,0,101,,521,1,,,0,67,,521,31,4,,0,98,,520,1,,,0,29,,520,31,4,,0,110,,522,1,,,0,67,,522,31,4,,0,103,,524,1,,,0,33,,524,31,4,,0,7,,523,1,,,0,68,,523,31,4,,0,15,,525,1,,,0,27,,525,31,4,,0,57,,526,1,,,0,26,,526,31,4,,0,17,,528,1,,,0,66,,528,31,4,,0,17,,529,1,,,0,65,,529,31,4,,0,18,,527,1,,,0,25,,527,31,4,,0,58,,530,1,,,0,25,,530,31,4,,0,18,,532,1,,,0,65,,532,31,4,,0,18,,531,1,,,0,25,,531,31,4,,0
501,'4881',817,,538,1,,,0,27,,538,31,4,,0,107,,535,1,,,0,69,,535,31,4,,0,99,,534,1,,,0,27,,534,31,4,,0,103,,536,1,,,0,67,,536,31,4,,0,113,,537,1,,,0,73,,537,31,4,,0
