301,'4159',853,,1299,5,0,12 13 14,0,82,,317,5,0,12 13 14,0,82,,1300,5,0,12 13 14,0,42,,319,5,0,12 13 14,0,82,,1301,5,0,12 13 14,0,82,,321,5,0,12 13 14,0,82,,1297,5,0,12 13 14,0,42,,314,5,0,12 13 14,0,82,,1298,5,0,12 13 14,0,81,,311,5,0,12 13 14,0,42,,1296,5,0,12 13 14,0,82,,307,5,0,12 13 14,0,82,,1295,5,0,12 13 14,0,42,,308,5,0,12 13 14,0,82,,1294,5,0,12 13 14,0
301,'4616',812,,1302,5,0,12 13 14,0,40,,1307,5,0,12 13 14,0,80,,1303,5,0,12 13 14,0,80,,1305,5,0,12 13 14,0,40,,1304,5,0,12 13 14,0,80,,1306,5,0,12 13 14,0,80,,1309,5,0,12 13 14,0,40,,1308,5,0,12 13 14,0,80,,1310,5,0,12 13 14,0,80,,1311,5,0,12 13 14,0,40,,1312,5,0,12 13 14,0,80,,333,5,0,12 13 14,0,80,,1313,5,0,12 13 14,0,40,,335,5,0,12 13 14,0,80,,336,5,0,12 13 14,0,80,,337,5,0,12 13 14,0,40,,338,5,0,12 13 14,0,80,,339,5,0,12 13 14,0,79,,340,5,0,12 13 14,0,40,,341,5,0,12 13 14,0,80,,342,5,0,12 13 14,0
301,'4753',858,,1318,5,0,12 13 14,0,174,,1317,5,0,12 13 14,0,126,,1316,5,0,12 13 14,0,362,,1315,5,0,12 13 14,0,100,,1314,5,0,12 13 14,0
301,'4754',853,,1324,5,0,12 13 14,0,82,,358,5,0,12 13 14,0,82,,1325,5,0,12 13 14,0,42,,360,5,0,12 13 14,0,82,,1326,5,0,12 13 14,0,82,,362,5,0,12 13 14,0,82,,1322,5,0,12 13 14,0,42,,355,5,0,12 13 14,0,82,,1323,5,0,12 13 14,0,81,,352,5,0,12 13 14,0,42,,1321,5,0,12 13 14,0,82,,348,5,0,12 13 14,0,82,,1320,5,0,12 13 14,0,42,,349,5,0,12 13 14,0,82,,1319,5,0,12 13 14,0
301,'4755',853,,1332,5,0,12 13 14,0,82,,1333,5,0,12 13 14,0,82,,1334,5,0,12 13 14,0,42,,1335,5,0,12 13 14,0,82,,1336,5,0,12 13 14,0,82,,377,5,0,12 13 14,0,82,,1330,5,0,12 13 14,0,42,,370,5,0,12 13 14,0,82,,1331,5,0,12 13 14,0,81,,367,5,0,12 13 14,0,42,,1329,5,0,12 13 14,0,82,,363,5,0,12 13 14,0,82,,1328,5,0,12 13 14,0,42,,364,5,0,12 13 14,0,82,,1327,5,0,12 13 14,0
301,'4880',610,,378,5,0,12 13 14,0,40,,380,5,0,12 13 14,0,77,,391,5,0,12 13 14,0,91,,392,5,0,12 13 14,0,105,,398,5,0,12 13 14,0,25,,393,5,0,12 13 14,0,166,,390,5,0,12 13 14,0,127,,389,5,0,12 13 14,0,89,,1339,5,0,12 13 14,0,25,,397,5,0,12 13 14,0,65,,387,5,0,12 13 14,0,30,,396,5,0,12 13 14,0,100,,394,5,0,12 13 14,0,100,,386,5,0,12 13 14,0,70,,395,5,0,12 13 14,0,38,,385,5,0,12 13 14,0,80,,384,5,0,12 13 14,0,80,,383,5,0,12 13 14,0,82,,1338,5,0,12 13 14,0,45,,381,5,0,12 13 14,0,85,,1337,5,0,12 13 14,0
301,'4881',858,,1344,5,0,12 13 14,0,174,,1343,5,0,12 13 14,0,126,,1342,5,0,12 13 14,0,362,,1341,5,0,12 13 14,0,100,,1340,5,0,12 13 14,0
801,'4159',913,,1606,3,,,0,220,,1605,3,,,0,220,,1604,3,,,0,260,,1603,3,,,0
801,'4616',839,,741,3,,,0,110,,742,3,,,0,110,,743,3,,,0,150,,744,3,,,0,111,,745,3,,,0,109,,746,3,,,0,109,,747,3,,,0,121,,1607,3,,,0,150,,1608,3,,,0,111,,1609,3,,,0,122,,1610,3,,,0
801,'4753',615,,1611,3,,,0,121,,1612,3,,,0
801,'4754',913,,1616,3,,,0,220,,1615,3,,,0,220,,1614,3,,,0,260,,1613,3,,,0
801,'4755',913,,1620,3,,,0,220,,1619,3,,,0,220,,1618,3,,,0,260,,1617,3,,,0
801,'4880',857,,768,3,,,0,89,,770,3,,,0,81,,771,3,,,0,173,,765,3,,,0,135,,764,3,,,0,176,,763,3,,,0,137,,762,3,,,0,173,,767,3,,,0,125,,766,3,,,0,96,,769,3,,,0
801,'4881',615,,1621,3,,,0,121,,1622,3,,,0
