103,144021,1,0
103,144022,2,0
103,144023,3,0
103,144024,4,0
103,144025,5,0
103,144260,6,0
103,144263,7,0
103,144026,8,0
103,144027,9,0
103,144028,10,0
103,144029,11,0
103,144030,12,0
103,144031,13,0
103,144033,14,0
103,144034,15,0
103,144035,16,0
103,144000,17,1
104,144000,1,0
104,144002,2,0
104,144003,3,0
104,144280,4,0
104,144004,5,0
104,144005,6,0
104,144008,7,0
104,144009,8,0
104,144010,9,0
104,144011,10,0
104,144012,11,0
104,144013,12,0
104,144014,13,0
104,144015,14,0
104,144016,15,0
104,144017,16,0
104,144018,17,0
104,144019,18,0
104,144020,19,0
104,144261,20,0
104,144262,21,0
104,144021,22,1
203,144000,1,0
203,144040,2,0
203,144041,3,0
203,144042,4,0
203,144043,5,0
203,144044,6,0
203,144282,7,0
203,144045,8,0
203,144047,9,0
203,144049,10,0
203,144050,11,0
203,144052,12,0
203,144054,13,0
203,144055,14,0
203,144056,15,0
203,144057,16,0
203,144058,17,0
203,144059,18,0
203,144060,19,0
203,144061,20,1
204,144061,1,0
204,144062,2,0
204,144063,3,0
204,144064,4,0
204,144297,5,0
204,144065,6,0
204,144066,7,0
204,144067,8,0
204,144068,9,0
204,144069,10,0
204,144273,11,0
204,144070,12,0
204,144071,13,0
204,144269,14,0
204,144072,15,0
204,144073,16,0
204,144000,17,1
303,144000,1,0
303,144074,2,0
303,144076,3,0
303,144077,4,0
303,144079,5,0
303,144081,6,0
303,144082,7,0
303,144083,8,0
303,144084,9,0
303,144087,10,0
303,144271,11,0
303,144088,12,0
303,144089,13,0
303,144091,14,0
303,144092,15,0
303,144093,16,0
303,144094,17,1
304,144094,1,0
304,144095,2,0
304,144096,3,0
304,144062,4,0
304,144097,5,0
304,144100,6,0
304,144268,7,0
304,144102,8,0
304,144103,9,0
304,144104,10,0
304,144106,11,0
304,144107,12,0
304,144108,13,0
304,144109,14,0
304,144110,15,0
304,144111,16,0
304,144000,17,1
401,144000,1,0
401,144112,2,0
401,144113,3,0
401,144115,4,0
401,144053,5,0
401,144116,6,0
401,144118,7,0
401,144120,8,0
401,144121,9,0
401,144122,10,0
401,144123,11,1
402,144123,1,0
402,144124,2,0
402,144127,3,0
402,144128,4,0
402,144130,5,0
402,144131,6,0
402,144133,7,0
402,144134,8,0
402,144135,9,0
402,144000,10,1
503,144147,1,0
503,144148,2,0
503,144149,3,0
503,144151,4,0
503,144153,5,0
503,144154,6,0
503,144155,7,0
503,144156,8,0
503,144157,9,0
503,144158,10,0
503,144159,11,0
503,144161,12,0
503,144162,13,0
503,144259,14,0
503,144163,15,0
503,144177,16,0
503,144164,17,0
503,144000,18,1
504,144000,1,0
504,144283,2,0
504,144278,3,0
504,144136,4,0
504,144137,5,0
504,144139,6,0
504,144140,7,0
504,144141,8,0
504,144142,9,0
504,144143,10,0
504,144144,11,0
504,144146,12,0
504,144147,13,1
603,144170,1,0
603,144172,2,0
603,144173,3,0
603,144175,4,0
603,144176,5,0
603,144177,6,0
603,144164,7,0
603,144000,8,1
604,144000,1,0
604,144283,2,0
604,144278,3,0
604,144136,4,0
604,144285,5,0
604,144165,6,0
604,144167,7,0
604,144168,8,0
604,144170,9,1
701,144207,1,0
701,144208,2,0
701,144209,3,0
701,144210,4,0
701,144211,5,0
701,144301,6,0
701,144212,7,0
701,144213,8,0
701,144214,9,0
701,144215,10,0
701,144216,11,0
701,144217,12,0
701,144218,13,0
701,144219,14,0
701,144220,15,0
701,144221,16,0
701,144222,17,0
701,144223,18,0
701,144224,19,0
701,144111,20,0
701,144000,21,1
702,144000,1,0
702,144178,2,0
702,144179,3,0
702,144279,4,0
702,144180,5,0
702,144181,6,0
702,144183,7,0
702,144184,8,0
702,144186,9,0
702,144187,10,0
702,144190,11,0
702,144191,12,0
702,144192,13,0
702,144193,14,0
702,144196,15,0
702,144197,16,0
702,144199,17,0
702,144200,18,0
702,144201,19,0
702,144202,20,0
702,144203,21,0
702,144204,22,0
702,144206,23,0
702,144207,24,1
801,144257,1,0
801,144258,2,0
801,144207,3,0
801,144208,4,0
801,144209,5,0
801,144210,6,0
801,144211,7,0
801,144301,8,0
801,144212,9,0
801,144213,10,0
801,144214,11,0
801,144215,12,0
801,144216,13,0
801,144217,14,0
801,144218,15,0
801,144219,16,0
801,144220,17,0
801,144221,18,0
801,144222,19,0
801,144223,20,0
801,144224,21,0
801,144111,22,0
801,144000,23,1
802,144000,1,0
802,144074,2,0
802,144075,3,0
802,144248,4,0
802,144249,5,0
802,144250,6,0
802,144251,7,0
802,144252,8,0
802,144253,9,0
802,144254,10,0
802,144255,11,0
802,144256,12,0
802,144257,13,1
1100,144294,1,0
1100,144236,2,0
1100,144295,3,0
1100,559003,4,0
1100,559001,5,0
1100,559000,6,1
1101,559000,1,0
1101,559002,2,0
1101,144231,3,0
1101,144294,4,1
6000,144000,1,0
6000,144282,2,0
6000,144045,3,0
6000,144084,4,0
6000,144087,5,0
6000,144287,6,0
6000,144290,7,0
6000,544004,8,0
6000,544003,9,0
6000,544001,10,0
6000,544000,11,0
6000,144228,12,0
6000,544002,13,0
6000,144229,14,0
6000,144230,15,0
6000,144294,16,1
6001,144294,1,0
6001,144236,2,0
6001,144293,3,0
6001,144292,4,0
6001,144237,5,0
6001,144238,6,0
6001,144239,7,0
6001,144240,8,0
6001,144241,9,0
6001,144270,10,0
6001,144242,11,0
6001,144243,12,0
6001,144244,13,0
6001,144245,14,0
6001,144227,15,0
6001,544005,16,0
6001,144226,17,0
6001,144225,18,0
6001,144286,19,0
6001,144062,20,0
6001,144063,21,0
6001,144064,22,0
6001,144297,23,0
6001,144065,24,0
6001,144066,25,0
6001,144070,26,0
6001,144071,27,0
6001,144269,28,0
6001,144072,29,0
6001,144073,30,0
6001,144000,31,1
6100,144000,1,0
6100,144002,2,0
6100,544010,3,0
6100,544008,4,0
6100,144246,5,0
6100,144247,6,0
6100,144266,7,1
6101,144266,1,0
6101,544009,2,0
6101,144281,3,0
6101,544007,4,0
6101,544006,5,0
6101,144035,6,0
6101,144000,7,1
9000,103453,1,0
9000,103680,2,0
9000,103569,3,0
9000,103604,4,0
9000,103610,5,0
9000,103611,6,0
9000,103650,7,0
9000,103653,8,0
9000,103654,9,0
9000,144235,10,0
9000,144291,11,0
9000,144265,12,0
9000,144296,13,0
9000,144168,14,0
9000,144170,15,0
9000,144000,16,1
9001,144000,1,0
9001,144168,2,0
9001,144170,3,0
9001,144235,4,0
9001,144291,5,0
9001,144265,6,0
9001,144296,7,0
9001,103657,8,0
9001,103655,9,0
9001,103652,10,0
9001,103651,11,0
9001,103612,12,0
9001,103453,13,1
